347.4975 	348.8238 	340.9568 	354.1827 	000.0000 
347.4043 	348.7201 	340.8995 	354.1481 	000.0000 
347.3111 	348.6164 	340.8423 	354.1135 	000.0000 
347.2178 	348.5126 	340.7849 	354.0788 	000.0000 
347.1244 	348.4088 	340.7276 	354.0441 	000.0000 
347.0310 	348.3049 	340.6702 	354.0093 	000.0000 
346.9376 	348.2010 	340.6127 	353.9746 	000.0000 
346.8441 	348.0970 	340.5552 	353.9398 	000.0000 
346.7505 	347.9929 	340.4977 	353.9049 	000.0000 
346.6569 	347.8889 	340.4401 	353.8701 	000.0000 
346.5633 	347.7847 	340.3825 	353.8352 	000.0000 
346.4696 	347.6805 	340.3248 	353.8002 	000.0000 
346.3758 	347.5763 	340.2671 	353.7653 	000.0000 
346.2820 	347.4720 	340.2094 	353.7303 	000.0000 
346.1882 	347.3676 	340.1516 	353.6953 	000.0000 
346.0943 	347.2632 	340.0938 	353.6602 	000.0000 
346.0003 	347.1588 	340.0359 	353.6252 	000.0000 
345.9063 	347.0542 	339.9780 	353.5901 	000.0000 
345.8123 	346.9497 	339.9201 	353.5549 	000.0000 
345.7182 	346.8451 	339.8621 	353.5198 	000.0000 
345.6240 	346.7404 	339.8040 	353.4846 	000.0000 
345.5298 	346.6357 	339.7459 	353.4493 	000.0000 
345.4355 	346.5309 	339.6878 	353.4141 	000.0000 
345.3412 	346.4261 	339.6296 	353.3788 	000.0000 
345.2468 	346.3212 	339.5714 	353.3435 	000.0000 
345.1524 	346.2163 	339.5132 	353.3081 	000.0000 
345.0579 	346.1113 	339.4549 	353.2727 	000.0000 
344.9634 	346.0062 	339.3965 	353.2373 	000.0000 
344.8688 	345.9012 	339.3382 	353.2019 	000.0000 
344.7742 	345.7960 	339.2797 	353.1664 	000.0000 
344.6795 	345.6908 	339.2213 	353.1309 	000.0000 
344.5847 	345.5856 	339.1627 	353.0953 	000.0000 
344.4899 	345.4802 	339.1042 	353.0597 	000.0000 
344.3951 	345.3749 	339.0456 	353.0241 	000.0000 
344.3002 	345.2695 	338.9869 	352.9885 	000.0000 
344.2052 	345.1640 	338.9282 	352.9528 	000.0000 
344.1102 	345.0585 	338.8695 	352.9171 	000.0000 
344.0152 	344.9529 	338.8107 	352.8814 	000.0000 
343.9200 	344.8473 	338.7519 	352.8456 	000.0000 
343.8249 	344.7416 	338.6930 	352.8098 	000.0000 
343.7296 	344.6358 	338.6341 	352.7740 	000.0000 
343.6344 	344.5300 	338.5752 	352.7382 	000.0000 
343.5390 	344.4242 	338.5162 	352.7023 	000.0000 
343.4436 	344.3183 	338.4571 	352.6663 	000.0000 
343.3482 	344.2123 	338.3980 	352.6304 	000.0000 
343.2527 	344.1063 	338.3389 	352.5944 	000.0000 
343.1572 	344.0002 	338.2797 	352.5584 	000.0000 
343.0616 	343.8941 	338.2205 	352.5223 	000.0000 
342.9659 	343.7879 	338.1612 	352.4862 	000.0000 
342.8702 	343.6817 	338.1019 	352.4501 	000.0000 
342.7744 	343.5754 	338.0426 	352.4140 	0.0546 
342.6786 	343.4690 	337.9832 	352.3778 	0.1897 
342.5827 	343.3626 	337.9237 	352.3416 	0.3248 
342.4868 	343.2561 	337.8642 	352.3053 	0.4600 
342.3908 	343.1496 	337.8047 	352.2690 	0.5951 
342.2947 	343.0431 	337.7451 	352.2327 	0.7302 
342.1986 	342.9364 	337.6855 	352.1963 	0.8654 
342.1025 	342.8297 	337.6258 	352.1600 	1.0005 
342.0063 	342.7230 	337.5661 	352.1235 	1.1356 
341.9100 	342.6162 	337.5063 	352.0871 	1.2707 
341.8137 	342.5093 	337.4465 	352.0506 	1.4059 
341.7173 	342.4024 	337.3866 	352.0141 	1.5410 
341.6209 	342.2954 	337.3267 	351.9775 	1.6761 
341.5244 	342.1884 	337.2668 	351.9410 	1.8113 
341.4278 	342.0813 	337.2068 	351.9043 	1.9464 
341.3312 	341.9742 	337.1467 	351.8677 	2.0815 
341.2346 	341.8670 	337.0866 	351.8310 	2.2167 
341.1378 	341.7597 	337.0265 	351.7943 	2.3518 
341.0411 	341.6524 	336.9663 	351.7575 	2.4869 
340.9442 	341.5450 	336.9061 	351.7207 	2.6221 
340.8473 	341.4376 	336.8458 	351.6839 	2.7572 
340.7504 	341.3301 	336.7854 	351.6471 	2.8923 
340.6534 	341.2225 	336.7251 	351.6102 	3.0275 
340.5563 	341.1149 	336.6646 	351.5732 	3.1626 
340.4592 	341.0073 	336.6042 	351.5363 	3.2977 
340.3620 	340.8995 	336.5437 	351.4993 	3.4329 
340.2648 	340.7918 	336.4831 	351.4623 	3.5680 
340.1675 	340.6839 	336.4225 	351.4252 	3.7031 
340.0702 	340.5760 	336.3618 	351.3881 	3.8383 
339.9727 	340.4681 	336.3011 	351.3510 	3.9734 
339.8753 	340.3600 	336.2404 	351.3138 	4.1085 
339.7778 	340.2520 	336.1796 	351.2766 	4.2437 
339.6802 	340.1438 	336.1187 	351.2394 	4.3788 
339.5825 	340.0356 	336.0578 	351.2021 	4.5139 
339.4848 	339.9274 	335.9968 	351.1648 	4.6491 
339.3871 	339.8190 	335.9359 	351.1274 	4.7842 
339.2893 	339.7107 	335.8748 	351.0901 	4.9193 
339.1914 	339.6022 	335.8137 	351.0527 	5.0545 
339.0934 	339.4937 	335.7526 	351.0152 	5.1896 
338.9954 	339.3852 	335.6914 	350.9777 	5.3247 
338.8974 	339.2766 	335.6301 	350.9402 	5.4599 
338.7993 	339.1679 	335.5688 	350.9026 	5.5950 
338.7011 	339.0592 	335.5075 	350.8651 	5.7301 
338.6029 	338.9504 	335.4461 	350.8274 	5.8653 
338.5046 	338.8415 	335.3847 	350.7898 	6.0004 
338.4062 	338.7326 	335.3232 	350.7521 	6.1355 
338.3078 	338.6236 	335.2616 	350.7143 	6.2707 
338.2093 	338.5146 	335.2001 	350.6766 	6.4058 
338.1108 	338.4055 	335.1384 	350.6388 	6.5409 
338.0122 	338.2963 	335.0767 	350.6009 	6.6761 
337.9135 	338.1871 	335.0150 	350.5630 	6.8112 
337.8148 	338.0778 	334.9532 	350.5251 	6.9463 
337.7160 	337.9684 	334.8914 	350.4872 	7.0815 
337.6172 	337.8590 	334.8295 	350.4492 	7.2166 
337.5183 	337.7496 	334.7675 	350.4111 	7.3517 
337.4194 	337.6400 	334.7056 	350.3731 	7.4869 
337.3203 	337.5304 	334.6435 	350.3350 	7.6220 
337.2212 	337.4208 	334.5814 	350.2968 	7.7571 
337.1221 	337.3110 	334.5193 	350.2587 	7.8923 
337.0229 	337.2013 	334.4571 	350.2205 	8.0274 
336.9236 	337.0914 	334.3949 	350.1822 	8.1625 
336.8243 	336.9815 	334.3326 	350.1439 	8.2977 
336.7249 	336.8715 	334.2702 	350.1056 	8.4328 
336.6255 	336.7615 	334.2078 	350.0672 	8.5679 
336.5259 	336.6514 	334.1454 	350.0288 	8.7031 
336.4264 	336.5412 	334.0829 	349.9904 	8.8382 
336.3267 	336.4310 	334.0203 	349.9519 	8.9733 
336.2270 	336.3207 	333.9577 	349.9134 	9.1085 
336.1272 	336.2104 	333.8951 	349.8749 	9.2436 
336.0274 	336.0999 	333.8324 	349.8363 	9.3787 
335.9275 	335.9895 	333.7696 	349.7977 	9.5139 
335.8276 	335.8789 	333.7068 	349.7590 	9.6490 
335.7276 	335.7683 	333.6439 	349.7203 	9.7841 
335.6275 	335.6576 	333.5810 	349.6816 	9.9192 
335.5273 	335.5469 	333.5180 	349.6428 	10.0544 
335.4271 	335.4361 	333.4550 	349.6040 	10.1895 
335.3268 	335.3252 	333.3920 	349.5651 	10.3246 
335.2265 	335.2143 	333.3288 	349.5262 	10.4598 
335.1261 	335.1033 	333.2656 	349.4873 	10.5949 
335.0256 	334.9922 	333.2024 	349.4483 	10.7300 
334.9251 	334.8811 	333.1391 	349.4093 	10.8652 
334.8245 	334.7699 	333.0758 	349.3703 	11.0003 
334.7238 	334.6587 	333.0124 	349.3312 	11.1354 
334.6231 	334.5473 	332.9490 	349.2921 	11.2706 
334.5223 	334.4359 	332.8855 	349.2529 	11.4057 
334.4215 	334.3245 	332.8219 	349.2137 	11.5408 
334.3206 	334.2130 	332.7583 	349.1745 	11.6760 
334.2196 	334.1014 	332.6946 	349.1352 	11.8111 
334.1185 	333.9897 	332.6309 	349.0958 	11.9462 
334.0174 	333.8780 	332.5671 	349.0565 	12.0814 
333.9162 	333.7662 	332.5033 	349.0171 	12.2165 
333.8150 	333.6544 	332.4394 	348.9776 	12.3516 
333.7137 	333.5424 	332.3755 	348.9382 	12.4868 
333.6123 	333.4305 	332.3115 	348.8986 	12.6219 
333.5108 	333.3184 	332.2475 	348.8591 	12.7570 
333.4093 	333.2063 	332.1834 	348.8195 	12.8922 
333.3077 	333.0941 	332.1192 	348.7798 	13.0273 
333.2061 	332.9818 	332.0550 	348.7401 	13.1624 
333.1044 	332.8695 	331.9908 	348.7004 	13.2976 
333.0026 	332.7571 	331.9264 	348.6607 	13.4327 
332.9008 	332.6446 	331.8621 	348.6209 	13.5678 
332.7989 	332.5321 	331.7976 	348.5810 	13.7030 
332.6969 	332.4195 	331.7331 	348.5411 	13.8381 
332.5948 	332.3068 	331.6686 	348.5012 	13.9732 
332.4927 	332.1941 	331.6040 	348.4612 	14.1084 
332.3905 	332.0813 	331.5394 	348.4212 	14.2435 
332.2883 	331.9684 	331.4746 	348.3812 	14.3786 
332.1859 	331.8555 	331.4099 	348.3411 	14.5138 
332.0836 	331.7425 	331.3450 	348.3010 	14.6489 
331.9811 	331.6294 	331.2802 	348.2608 	14.7840 
331.8786 	331.5162 	331.2152 	348.2206 	14.9192 
331.7760 	331.4030 	331.1502 	348.1803 	15.0543 
331.6733 	331.2897 	331.0852 	348.1400 	15.1894 
331.5706 	331.1764 	331.0201 	348.0997 	15.3246 
331.4678 	331.0629 	330.9549 	348.0593 	15.4597 
331.3649 	330.9494 	330.8897 	348.0189 	15.5948 
331.2620 	330.8358 	330.8244 	347.9784 	15.7300 
331.1590 	330.7222 	330.7591 	347.9379 	15.8651 
331.0559 	330.6085 	330.6937 	347.8973 	16.0002 
330.9527 	330.4947 	330.6282 	347.8567 	16.1354 
330.8495 	330.3808 	330.5627 	347.8161 	16.2705 
330.7462 	330.2669 	330.4971 	347.7754 	16.4056 
330.6429 	330.1529 	330.4315 	347.7347 	16.5408 
330.5394 	330.0389 	330.3658 	347.6939 	16.6759 
330.4359 	329.9247 	330.3001 	347.6531 	16.8110 
330.3324 	329.8105 	330.2343 	347.6123 	16.9462 
330.2287 	329.6962 	330.1684 	347.5714 	17.0813 
330.1250 	329.5818 	330.1025 	347.5304 	17.2164 
330.0212 	329.4674 	330.0365 	347.4894 	17.3516 
329.9173 	329.3529 	329.9705 	347.4484 	17.4867 
329.8134 	329.2383 	329.9044 	347.4074 	17.6218 
329.7094 	329.1237 	329.8382 	347.3662 	17.7570 
329.6053 	329.0090 	329.7720 	347.3251 	17.8921 
329.5012 	328.8942 	329.7057 	347.2839 	18.0272 
329.3970 	328.7793 	329.6394 	347.2426 	18.1623 
329.2927 	328.6644 	329.5730 	347.2014 	18.2975 
329.1883 	328.5494 	329.5065 	347.1600 	18.4326 
329.0839 	328.4343 	329.4400 	347.1186 	18.5677 
328.9794 	328.3191 	329.3734 	347.0772 	18.7029 
328.8748 	328.2039 	329.3068 	347.0358 	18.8380 
328.7701 	328.0885 	329.2400 	346.9942 	18.9731 
328.6654 	327.9732 	329.1733 	346.9527 	19.1083 
328.5606 	327.8577 	329.1065 	346.9111 	19.2434 
328.4557 	327.7422 	329.0396 	346.8694 	19.3785 
328.3508 	327.6266 	328.9726 	346.8278 	19.5137 
328.2458 	327.5109 	328.9056 	346.7860 	19.6488 
328.1407 	327.3951 	328.8385 	346.7442 	19.7839 
328.0355 	327.2793 	328.7714 	346.7024 	19.9191 
327.9302 	327.1634 	328.7042 	346.6605 	20.0542 
327.8249 	327.0474 	328.6370 	346.6186 	20.1893 
327.7195 	326.9313 	328.5696 	346.5767 	20.3245 
327.6141 	326.8152 	328.5023 	346.5347 	20.4596 
327.5085 	326.6990 	328.4348 	346.4926 	20.5947 
327.4029 	326.5827 	328.3673 	346.4505 	20.7299 
327.2972 	326.4663 	328.2997 	346.4084 	20.8650 
327.1914 	326.3498 	328.2321 	346.3662 	21.0001 
327.0856 	326.2333 	328.1644 	346.3239 	21.1353 
326.9796 	326.1167 	328.0967 	346.2816 	21.2704 
326.8736 	326.0000 	328.0288 	346.2393 	21.4055 
326.7676 	325.8833 	327.9609 	346.1969 	21.5407 
326.6614 	325.7665 	327.8930 	346.1545 	21.6758 
326.5552 	325.6495 	327.8250 	346.1120 	21.8109 
326.4489 	325.5326 	327.7569 	346.0695 	21.9461 
326.3425 	325.4155 	327.6888 	346.0269 	22.0812 
326.2360 	325.2983 	327.6206 	345.9843 	22.2163 
326.1295 	325.1811 	327.5523 	345.9417 	22.3515 
326.0229 	325.0638 	327.4840 	345.8989 	22.4866 
325.9162 	324.9464 	327.4156 	345.8562 	22.6217 
325.8094 	324.8290 	327.3471 	345.8134 	22.7569 
325.7025 	324.7114 	327.2786 	345.7705 	22.8920 
325.5956 	324.5938 	327.2100 	345.7276 	23.0271 
325.4886 	324.4761 	327.1413 	345.6847 	23.1623 
325.3815 	324.3583 	327.0726 	345.6417 	23.2974 
325.2743 	324.2405 	327.0038 	345.5986 	23.4325 
325.1671 	324.1225 	326.9349 	345.5555 	23.5677 
325.0597 	324.0045 	326.8660 	345.5124 	23.7028 
324.9523 	323.8864 	326.7970 	345.4692 	23.8379 
324.8449 	323.7682 	326.7280 	345.4259 	23.9731 
324.7373 	323.6500 	326.6588 	345.3827 	24.1082 
324.6296 	323.5316 	326.5896 	345.3393 	24.2433 
324.5219 	323.4132 	326.5204 	345.2959 	24.3785 
324.4141 	323.2947 	326.4511 	345.2525 	24.5136 
324.3062 	323.1761 	326.3817 	345.2090 	24.6487 
324.1983 	323.0574 	326.3122 	345.1655 	24.7839 
324.0902 	322.9387 	326.2427 	345.1219 	24.9190 
323.9821 	322.8198 	326.1731 	345.0782 	25.0541 
323.8739 	322.7009 	326.1034 	345.0345 	25.1893 
323.7656 	322.5819 	326.0337 	344.9908 	25.3244 
323.6572 	322.4628 	325.9639 	344.9470 	25.4595 
323.5487 	322.3436 	325.8940 	344.9032 	25.5947 
323.4402 	322.2244 	325.8241 	344.8593 	25.7298 
323.3316 	322.1051 	325.7541 	344.8153 	25.8649 
323.2229 	321.9856 	325.6840 	344.7714 	26.0001 
323.1141 	321.8661 	325.6139 	344.7273 	26.1352 
323.0052 	321.7466 	325.5437 	344.6832 	26.2703 
322.8962 	321.6269 	325.4734 	344.6391 	26.4055 
322.7872 	321.5071 	325.4030 	344.5949 	26.5406 
322.6781 	321.3873 	325.3326 	344.5506 	26.6757 
322.5689 	321.2674 	325.2621 	344.5063 	26.8108 
322.4596 	321.1473 	325.1916 	344.4620 	26.9460 
322.3502 	321.0272 	325.1209 	344.4176 	27.0811 
322.2408 	320.9071 	325.0502 	344.3731 	27.2162 
322.1312 	320.7868 	324.9795 	344.3286 	27.3514 
322.0216 	320.6664 	324.9086 	344.2840 	27.4865 
321.9119 	320.5460 	324.8377 	344.2394 	27.6216 
321.8021 	320.4255 	324.7667 	344.1948 	27.7568 
321.6922 	320.3049 	324.6957 	344.1500 	27.8919 
321.5822 	320.1842 	324.6245 	344.1053 	28.0270 
321.4722 	320.0634 	324.5533 	344.0605 	28.1622 
321.3620 	319.9425 	324.4821 	344.0156 	28.2973 
321.2518 	319.8215 	324.4107 	343.9706 	28.4324 
321.1415 	319.7005 	324.3393 	343.9257 	28.5676 
321.0311 	319.5793 	324.2678 	343.8806 	28.7027 
320.9206 	319.4581 	324.1963 	343.8355 	28.8378 
320.8100 	319.3368 	324.1246 	343.7904 	28.9730 
320.6993 	319.2154 	324.0529 	343.7452 	29.1081 
320.5886 	319.0939 	323.9811 	343.6999 	29.2432 
320.4778 	318.9723 	323.9093 	343.6546 	29.3784 
320.3668 	318.8507 	323.8374 	343.6093 	29.5135 
320.2558 	318.7289 	323.7654 	343.5638 	29.6486 
320.1447 	318.6070 	323.6933 	343.5184 	29.7838 
320.0335 	318.4851 	323.6211 	343.4728 	29.9189 
319.9222 	318.3631 	323.5489 	343.4273 	30.0540 
319.8109 	318.2410 	323.4766 	343.3816 	30.1892 
319.6994 	318.1187 	323.4042 	343.3359 	30.3243 
319.5878 	317.9964 	323.3318 	343.2902 	30.4594 
319.4762 	317.8740 	323.2593 	343.2444 	30.5946 
319.3645 	317.7516 	323.1867 	343.1985 	30.7297 
319.2527 	317.6290 	323.1140 	343.1526 	30.8648 
319.1407 	317.5063 	323.0413 	343.1066 	31.0000 
319.0287 	317.3836 	322.9684 	343.0606 	31.1351 
318.9167 	317.2607 	322.8955 	343.0145 	31.2702 
318.8045 	317.1378 	322.8226 	342.9684 	31.4054 
318.6922 	317.0147 	322.7495 	342.9222 	31.5405 
318.5798 	316.8916 	322.6764 	342.8759 	31.6756 
318.4674 	316.7684 	322.6032 	342.8296 	31.8108 
318.3548 	316.6450 	322.5299 	342.7832 	31.9459 
318.2422 	316.5216 	322.4565 	342.7368 	32.0810 
318.1294 	316.3981 	322.3831 	342.6903 	32.2162 
318.0166 	316.2745 	322.3096 	342.6438 	32.3513 
317.9037 	316.1508 	322.2360 	342.5972 	32.4864 
317.7907 	316.0271 	322.1623 	342.5505 	32.6216 
317.6776 	315.9032 	322.0885 	342.5038 	32.7567 
317.5644 	315.7792 	322.0147 	342.4570 	32.8918 
317.4511 	315.6551 	321.9408 	342.4102 	33.0270 
317.3377 	315.5309 	321.8668 	342.3633 	33.1621 
317.2242 	315.4067 	321.7927 	342.3164 	33.2972 
317.1106 	315.2823 	321.7186 	342.2694 	33.4324 
316.9969 	315.1579 	321.6444 	342.2223 	33.5675 
316.8831 	315.0333 	321.5701 	342.1752 	33.7026 
316.7693 	314.9087 	321.4957 	342.1280 	33.8378 
316.6553 	314.7839 	321.4212 	342.0807 	33.9729 
316.5413 	314.6591 	321.3467 	342.0334 	34.1080 
316.4271 	314.5341 	321.2720 	341.9861 	34.2432 
316.3128 	314.4091 	321.1973 	341.9386 	34.3783 
316.1985 	314.2839 	321.1225 	341.8911 	34.5134 
316.0840 	314.1587 	321.0477 	341.8436 	34.6486 
315.9695 	314.0334 	320.9727 	341.7960 	34.7837 
315.8549 	313.9079 	320.8977 	341.7483 	34.9188 
315.7401 	313.7824 	320.8226 	341.7006 	35.0540 
315.6253 	313.6568 	320.7474 	341.6528 	35.1891 
315.5104 	313.5310 	320.6721 	341.6049 	35.3242 
315.3953 	313.4052 	320.5967 	341.5570 	35.4593 
315.2802 	313.2793 	320.5213 	341.5091 	35.5945 
315.1649 	313.1532 	320.4457 	341.4610 	35.7296 
315.0496 	313.0271 	320.3701 	341.4129 	35.8647 
314.9342 	312.9009 	320.2944 	341.3647 	35.9999 
314.8187 	312.7745 	320.2187 	341.3165 	36.1350 
314.7030 	312.6481 	320.1428 	341.2682 	36.2701 
314.5873 	312.5215 	320.0668 	341.2199 	36.4053 
314.4715 	312.3949 	319.9908 	341.1715 	36.5404 
314.3555 	312.2681 	319.9147 	341.1230 	36.6755 
314.2395 	312.1413 	319.8385 	341.0745 	36.8107 
314.1233 	312.0143 	319.7622 	341.0258 	36.9458 
314.0071 	311.8873 	319.6858 	340.9772 	37.0809 
313.8908 	311.7601 	319.6093 	340.9284 	37.2161 
313.7743 	311.6329 	319.5328 	340.8796 	37.3512 
313.6578 	311.5055 	319.4562 	340.8308 	37.4863 
313.5411 	311.3780 	319.3794 	340.7819 	37.6215 
313.4244 	311.2505 	319.3026 	340.7329 	37.7566 
313.3075 	311.1228 	319.2257 	340.6838 	37.8917 
313.1905 	310.9950 	319.1488 	340.6347 	38.0269 
313.0735 	310.8671 	319.0717 	340.5855 	38.1620 
312.9563 	310.7391 	318.9945 	340.5363 	38.2971 
312.8390 	310.6110 	318.9173 	340.4869 	38.4323 
312.7216 	310.4828 	318.8400 	340.4376 	38.5674 
312.6042 	310.3545 	318.7625 	340.3881 	38.7025 
312.4866 	310.2261 	318.6850 	340.3386 	38.8377 
312.3689 	310.0975 	318.6074 	340.2890 	38.9728 
312.2511 	309.9689 	318.5297 	340.2394 	39.1079 
312.1332 	309.8401 	318.4520 	340.1897 	39.2431 
312.0151 	309.7113 	318.3741 	340.1399 	39.3782 
311.8970 	309.5823 	318.2961 	340.0900 	39.5133 
311.7788 	309.4532 	318.2181 	340.0401 	39.6485 
311.6604 	309.3241 	318.1399 	339.9901 	39.7836 
311.5420 	309.1948 	318.0617 	339.9401 	39.9187 
311.4234 	309.0654 	317.9834 	339.8899 	40.0539 
311.3048 	308.9359 	317.9050 	339.8398 	40.1890 
311.1860 	308.8062 	317.8265 	339.7895 	40.3241 
311.0671 	308.6765 	317.7479 	339.7392 	40.4593 
310.9481 	308.5467 	317.6692 	339.6888 	40.5944 
310.8290 	308.4167 	317.5904 	339.6383 	40.7295 
310.7098 	308.2867 	317.5115 	339.5878 	40.8647 
310.5905 	308.1565 	317.4326 	339.5372 	40.9998 
310.4711 	308.0262 	317.3535 	339.4865 	41.1349 
310.3515 	307.8958 	317.2744 	339.4358 	41.2701 
310.2319 	307.7653 	317.1951 	339.3849 	41.4052 
310.1121 	307.6346 	317.1158 	339.3341 	41.5403 
309.9922 	307.5039 	317.0363 	339.2831 	41.6755 
309.8722 	307.3730 	316.9568 	339.2321 	41.8106 
309.7521 	307.2421 	316.8772 	339.1810 	41.9457 
309.6319 	307.1110 	316.7975 	339.1298 	42.0809 
309.5116 	306.9798 	316.7176 	339.0786 	42.2160 
309.3911 	306.8485 	316.6377 	339.0273 	42.3511 
309.2706 	306.7171 	316.5577 	338.9759 	42.4863 
309.1499 	306.5855 	316.4776 	338.9244 	42.6214 
309.0291 	306.4538 	316.3974 	338.8729 	42.7565 
308.9082 	306.3221 	316.3171 	338.8213 	42.8917 
308.7872 	306.1902 	316.2367 	338.7696 	43.0268 
308.6660 	306.0582 	316.1562 	338.7179 	43.1619 
308.5448 	305.9260 	316.0756 	338.6661 	43.2971 
308.4234 	305.7938 	315.9949 	338.6142 	43.4322 
308.3019 	305.6614 	315.9142 	338.5622 	43.5673 
308.1803 	305.5289 	315.8333 	338.5102 	43.7025 
308.0586 	305.3963 	315.7523 	338.4580 	43.8376 
307.9368 	305.2636 	315.6712 	338.4059 	43.9727 
307.8148 	305.1308 	315.5900 	338.3536 	44.1078 
307.6927 	304.9978 	315.5087 	338.3012 	44.2430 
307.5705 	304.8647 	315.4273 	338.2488 	44.3781 
307.4482 	304.7315 	315.3458 	338.1963 	44.5132 
307.3258 	304.5982 	315.2643 	338.1438 	44.6484 
307.2033 	304.4647 	315.1826 	338.0911 	44.7835 
307.0806 	304.3312 	315.1008 	338.0384 	44.9186 
306.9578 	304.1975 	315.0189 	337.9856 	45.0538 
306.8349 	304.0637 	314.9369 	337.9327 	45.1889 
306.7118 	303.9297 	314.8548 	337.8798 	45.3240 
306.5887 	303.7957 	314.7726 	337.8268 	45.4592 
306.4654 	303.6615 	314.6903 	337.7737 	45.5943 
306.3420 	303.5272 	314.6079 	337.7205 	45.7294 
306.2185 	303.3928 	314.5254 	337.6672 	45.8646 
306.0948 	303.2582 	314.4428 	337.6139 	45.9997 
305.9711 	303.1235 	314.3600 	337.5605 	46.1348 
305.8472 	302.9887 	314.2772 	337.5070 	46.2700 
305.7231 	302.8538 	314.1943 	337.4534 	46.4051 
305.5990 	302.7187 	314.1113 	337.3997 	46.5402 
305.4747 	302.5835 	314.0281 	337.3460 	46.6754 
305.3503 	302.4482 	313.9449 	337.2922 	46.8105 
305.2258 	302.3128 	313.8615 	337.2383 	46.9456 
305.1012 	302.1772 	313.7781 	337.1843 	47.0808 
304.9764 	302.0415 	313.6945 	337.1303 	47.2159 
304.8515 	301.9057 	313.6108 	337.0761 	47.3510 
304.7265 	301.7697 	313.5270 	337.0219 	47.4862 
304.6013 	301.6337 	313.4432 	336.9676 	47.6213 
304.4760 	301.4974 	313.3592 	336.9132 	47.7564 
304.3506 	301.3611 	313.2750 	336.8588 	47.8916 
304.2251 	301.2246 	313.1908 	336.8042 	48.0267 
304.0994 	301.0880 	313.1065 	336.7496 	48.1618 
303.9736 	300.9513 	313.0221 	336.6949 	48.2970 
303.8477 	300.8144 	312.9375 	336.6401 	48.4321 
303.7216 	300.6774 	312.8529 	336.5852 	48.5672 
303.5954 	300.5403 	312.7681 	336.5303 	48.7024 
303.4691 	300.4030 	312.6832 	336.4752 	48.8375 
303.3426 	300.2656 	312.5982 	336.4201 	48.9726 
303.2160 	300.1281 	312.5131 	336.3649 	49.1078 
303.0893 	299.9904 	312.4279 	336.3096 	49.2429 
302.9624 	299.8526 	312.3426 	336.2542 	49.3780 
302.8354 	299.7147 	312.2571 	336.1987 	49.5132 
302.7083 	299.5766 	312.1716 	336.1432 	49.6483 
302.5811 	299.4384 	312.0859 	336.0875 	49.7834 
302.4537 	299.3000 	312.0001 	336.0318 	49.9186 
302.3261 	299.1616 	311.9142 	335.9760 	50.0537 
302.1985 	299.0229 	311.8282 	335.9201 	50.1888 
302.0707 	298.8842 	311.7421 	335.8641 	50.3240 
301.9427 	298.7453 	311.6558 	335.8080 	50.4591 
301.8147 	298.6062 	311.5695 	335.7519 	50.5942 
301.6864 	298.4671 	311.4830 	335.6956 	50.7294 
301.5581 	298.3278 	311.3964 	335.6393 	50.8645 
301.4296 	298.1883 	311.3097 	335.5828 	50.9996 
301.3010 	298.0487 	311.2229 	335.5263 	51.1348 
301.1722 	297.9090 	311.1359 	335.4697 	51.2699 
301.0433 	297.7691 	311.0488 	335.4130 	51.4050 
300.9143 	297.6291 	310.9616 	335.3562 	51.5402 
300.7851 	297.4889 	310.8743 	335.2994 	51.6753 
300.6557 	297.3486 	310.7869 	335.2424 	51.8104 
300.5263 	297.2082 	310.6994 	335.1853 	51.9456 
300.3966 	297.0676 	310.6117 	335.1282 	52.0807 
300.2669 	296.9268 	310.5239 	335.0709 	52.2158 
300.1370 	296.7859 	310.4360 	335.0136 	52.3510 
300.0069 	296.6449 	310.3480 	334.9562 	52.4861 
299.8768 	296.5037 	310.2598 	334.8987 	52.6212 
299.7464 	296.3624 	310.1715 	334.8411 	52.7563 
299.6159 	296.2210 	310.0831 	334.7833 	52.8915 
299.4853 	296.0793 	309.9946 	334.7255 	53.0266 
299.3546 	295.9376 	309.9060 	334.6677 	53.1617 
299.2236 	295.7957 	309.8172 	334.6097 	53.2969 
299.0926 	295.6536 	309.7283 	334.5516 	53.4320 
298.9614 	295.5114 	309.6393 	334.4934 	53.5671 
298.8300 	295.3690 	309.5501 	334.4351 	53.7023 
298.6985 	295.2265 	309.4608 	334.3768 	53.8374 
298.5668 	295.0839 	309.3714 	334.3183 	53.9725 
298.4350 	294.9411 	309.2819 	334.2597 	54.1077 
298.3031 	294.7981 	309.1922 	334.2011 	54.2428 
298.1710 	294.6550 	309.1025 	334.1423 	54.3779 
298.0387 	294.5117 	309.0125 	334.0835 	54.5131 
297.9063 	294.3683 	308.9225 	334.0245 	54.6482 
297.7737 	294.2247 	308.8323 	333.9655 	54.7833 
297.6410 	294.0810 	308.7420 	333.9063 	54.9185 
297.5082 	293.9371 	308.6516 	333.8471 	55.0536 
297.3751 	293.7931 	308.5610 	333.7878 	55.1887 
297.2420 	293.6489 	308.4703 	333.7283 	55.3239 
297.1086 	293.5045 	308.3795 	333.6688 	55.4590 
296.9751 	293.3600 	308.2885 	333.6091 	55.5941 
296.8415 	293.2154 	308.1974 	333.5494 	55.7293 
296.7077 	293.0706 	308.1062 	333.4895 	55.8644 
296.5738 	292.9256 	308.0149 	333.4296 	55.9995 
296.4396 	292.7804 	307.9234 	333.3695 	56.1347 
296.3054 	292.6351 	307.8317 	333.3094 	56.2698 
296.1709 	292.4897 	307.7400 	333.2491 	56.4049 
296.0364 	292.3440 	307.6481 	333.1888 	56.5401 
295.9016 	292.1983 	307.5560 	333.1283 	56.6752 
295.7667 	292.0523 	307.4639 	333.0677 	56.8103 
295.6316 	291.9062 	307.3716 	333.0071 	56.9455 
295.4964 	291.7599 	307.2791 	332.9463 	57.0806 
295.3610 	291.6135 	307.1865 	332.8854 	57.2157 
295.2254 	291.4669 	307.0938 	332.8244 	57.3509 
295.0897 	291.3201 	307.0009 	332.7633 	57.4860 
294.9538 	291.1732 	306.9079 	332.7021 	57.6211 
294.8178 	291.0261 	306.8148 	332.6408 	57.7563 
294.6816 	290.8788 	306.7215 	332.5794 	57.8914 
294.5452 	290.7314 	306.6281 	332.5179 	58.0265 
294.4087 	290.5838 	306.5345 	332.4563 	58.1617 
294.2719 	290.4360 	306.4408 	332.3945 	58.2968 
294.1351 	290.2881 	306.3469 	332.3327 	58.4319 
293.9980 	290.1400 	306.2529 	332.2707 	58.5671 
293.8608 	289.9917 	306.1588 	332.2087 	58.7022 
293.7234 	289.8433 	306.0645 	332.1465 	58.8373 
293.5859 	289.6947 	305.9701 	332.0842 	58.9725 
293.4481 	289.5459 	305.8755 	332.0218 	59.1076 
293.3102 	289.3969 	305.7808 	331.9593 	59.2427 
293.1722 	289.2478 	305.6859 	331.8967 	59.3779 
293.0339 	289.0984 	305.5909 	331.8339 	59.5130 
292.8955 	288.9490 	305.4957 	331.7711 	59.6481 
292.7569 	288.7993 	305.4004 	331.7081 	59.7833 
292.6182 	288.6494 	305.3050 	331.6451 	59.9184 
292.4792 	288.4994 	305.2093 	331.5819 	60.0535 
292.3401 	288.3492 	305.1136 	331.5186 	60.1887 
292.2008 	288.1989 	305.0177 	331.4552 	60.3238 
292.0614 	288.0483 	304.9216 	331.3916 	60.4589 
291.9217 	287.8976 	304.8254 	331.3280 	60.5941 
291.7819 	287.7467 	304.7290 	331.2642 	60.7292 
291.6419 	287.5956 	304.6325 	331.2003 	60.8643 
291.5017 	287.4443 	304.5358 	331.1363 	60.9995 
291.3614 	287.2928 	304.4390 	331.0722 	61.1346 
291.2208 	287.1412 	304.3420 	331.0080 	61.2697 
291.0801 	286.9894 	304.2449 	330.9436 	61.4048 
290.9392 	286.8374 	304.1476 	330.8791 	61.5400 
290.7981 	286.6852 	304.0501 	330.8145 	61.6751 
290.6568 	286.5328 	303.9525 	330.7498 	61.8102 
290.5154 	286.3802 	303.8547 	330.6850 	61.9454 
290.3737 	286.2275 	303.7568 	330.6200 	62.0805 
290.2319 	286.0746 	303.6587 	330.5550 	62.2156 
290.0899 	285.9214 	303.5604 	330.4897 	62.3508 
289.9477 	285.7681 	303.4620 	330.4244 	62.4859 
289.8053 	285.6146 	303.3635 	330.3590 	62.6210 
289.6627 	285.4609 	303.2647 	330.2934 	62.7562 
289.5199 	285.3070 	303.1658 	330.2277 	62.8913 
289.3770 	285.1529 	303.0668 	330.1619 	63.0264 
289.2338 	284.9986 	302.9675 	330.0959 	63.1616 
289.0905 	284.8442 	302.8682 	330.0299 	63.2967 
288.9469 	284.6895 	302.7686 	329.9637 	63.4318 
288.8032 	284.5347 	302.6689 	329.8973 	63.5670 
288.6593 	284.3796 	302.5690 	329.8309 	63.7021 
288.5151 	284.2243 	302.4689 	329.7643 	63.8372 
288.3708 	284.0689 	302.3687 	329.6976 	63.9724 
288.2263 	283.9132 	302.2683 	329.6307 	64.1075 
288.0816 	283.7574 	302.1678 	329.5637 	64.2426 
287.9367 	283.6014 	302.0670 	329.4966 	64.3778 
287.7916 	283.4451 	301.9661 	329.4294 	64.5129 
287.6463 	283.2887 	301.8651 	329.3620 	64.6480 
287.5008 	283.1320 	301.7638 	329.2945 	64.7832 
287.3550 	282.9751 	301.6624 	329.2269 	64.9183 
287.2091 	282.8181 	301.5608 	329.1591 	65.0534 
287.0630 	282.6608 	301.4590 	329.0912 	65.1886 
286.9167 	282.5033 	301.3571 	329.0232 	65.3237 
286.7702 	282.3457 	301.2550 	328.9550 	65.4588 
286.6234 	282.1878 	301.1527 	328.8867 	65.5940 
286.4765 	282.0297 	301.0502 	328.8183 	65.7291 
286.3294 	281.8714 	300.9475 	328.7497 	65.8642 
286.1820 	281.7129 	300.8447 	328.6810 	65.9994 
286.0344 	281.5541 	300.7417 	328.6121 	66.1345 
285.8867 	281.3952 	300.6385 	328.5431 	66.2696 
285.7387 	281.2360 	300.5351 	328.4740 	66.4048 
285.5905 	281.0767 	300.4316 	328.4047 	66.5399 
285.4421 	280.9171 	300.3278 	328.3353 	66.6750 
285.2935 	280.7573 	300.2239 	328.2658 	66.8102 
285.1446 	280.5973 	300.1198 	328.1961 	66.9453 
284.9956 	280.4371 	300.0155 	328.1262 	67.0804 
284.8463 	280.2766 	299.9110 	328.0562 	67.2156 
284.6968 	280.1160 	299.8064 	327.9861 	67.3507 
284.5471 	279.9551 	299.7015 	327.9158 	67.4858 
284.3972 	279.7940 	299.5965 	327.8454 	67.6210 
284.2471 	279.6326 	299.4912 	327.7748 	67.7561 
284.0967 	279.4711 	299.3858 	327.7041 	67.8912 
283.9461 	279.3093 	299.2802 	327.6333 	68.0264 
283.7953 	279.1473 	299.1744 	327.5623 	68.1615 
283.6443 	278.9851 	299.0684 	327.4911 	68.2966 
283.4930 	278.8226 	298.9622 	327.4198 	68.4318 
283.3416 	278.6600 	298.8558 	327.3483 	68.5669 
283.1899 	278.4971 	298.7492 	327.2767 	68.7020 
283.0379 	278.3339 	298.6424 	327.2050 	68.8372 
282.8858 	278.1705 	298.5355 	327.1331 	68.9723 
282.7334 	278.0069 	298.4283 	327.0610 	69.1074 
282.5807 	277.8431 	298.3209 	326.9888 	69.2426 
282.4279 	277.6790 	298.2133 	326.9164 	69.3777 
282.2748 	277.5147 	298.1056 	326.8439 	69.5128 
282.1215 	277.3502 	297.9976 	326.7712 	69.6480 
281.9679 	277.1854 	297.8894 	326.6983 	69.7831 
281.8141 	277.0204 	297.7810 	326.6253 	69.9182 
281.6601 	276.8552 	297.6724 	326.5522 	70.0533 
281.5058 	276.6897 	297.5636 	326.4789 	70.1885 
281.3513 	276.5240 	297.4546 	326.4054 	70.3236 
281.1966 	276.3580 	297.3454 	326.3318 	70.4587 
281.0416 	276.1918 	297.2360 	326.2580 	70.5939 
280.8864 	276.0253 	297.1264 	326.1840 	70.7290 
280.7309 	275.8586 	297.0165 	326.1099 	70.8641 
280.5752 	275.6916 	296.9065 	326.0356 	70.9993 
280.4192 	275.5244 	296.7962 	325.9611 	71.1344 
280.2630 	275.3570 	296.6857 	325.8865 	71.2695 
280.1065 	275.1893 	296.5750 	325.8117 	71.4047 
279.9498 	275.0213 	296.4641 	325.7368 	71.5398 
279.7929 	274.8531 	296.3530 	325.6617 	71.6749 
279.6357 	274.6847 	296.2417 	325.5864 	71.8101 
279.4782 	274.5160 	296.1301 	325.5109 	71.9452 
279.3205 	274.3470 	296.0183 	325.4353 	72.0803 
279.1625 	274.1778 	295.9063 	325.3595 	72.2155 
279.0043 	274.0083 	295.7941 	325.2835 	72.3506 
278.8458 	273.8385 	295.6816 	325.2074 	72.4857 
278.6871 	273.6685 	295.5690 	325.1311 	72.6209 
278.5281 	273.4983 	295.4561 	325.0546 	72.7560 
278.3688 	273.3277 	295.3429 	324.9779 	72.8911 
278.2093 	273.1570 	295.2296 	324.9011 	73.0263 
278.0495 	272.9859 	295.1160 	324.8240 	73.1614 
277.8894 	272.8146 	295.0022 	324.7468 	73.2965 
277.7291 	272.6430 	294.8882 	324.6695 	73.4317 
277.5685 	272.4711 	294.7739 	324.5919 	73.5668 
277.4077 	272.2990 	294.6594 	324.5142 	73.7019 
277.2465 	272.1266 	294.5446 	324.4362 	73.8371 
277.0851 	271.9539 	294.4297 	324.3581 	73.9722 
276.9235 	271.7810 	294.3145 	324.2798 	74.1073 
276.7615 	271.6077 	294.1990 	324.2014 	74.2425 
276.5993 	271.4342 	294.0833 	324.1227 	74.3776 
276.4368 	271.2604 	293.9674 	324.0439 	74.5127 
276.2740 	271.0864 	293.8512 	323.9648 	74.6479 
276.1110 	270.9120 	293.7348 	323.8856 	74.7830 
275.9476 	270.7374 	293.6181 	323.8062 	74.9181 
275.7840 	270.5625 	293.5012 	323.7266 	75.0533 
275.6201 	270.3873 	293.3841 	323.6468 	75.1884 
275.4559 	270.2118 	293.2667 	323.5668 	75.3235 
275.2915 	270.0360 	293.1490 	323.4866 	75.4587 
275.1267 	269.8600 	293.0311 	323.4062 	75.5938 
274.9617 	269.6836 	292.9130 	323.3256 	75.7289 
274.7963 	269.5070 	292.7946 	323.2449 	75.8641 
274.6307 	269.3300 	292.6759 	323.1639 	75.9992 
274.4648 	269.1528 	292.5570 	323.0827 	76.1343 
274.2985 	268.9752 	292.4378 	323.0013 	76.2695 
274.1320 	268.7974 	292.3184 	322.9198 	76.4046 
273.9652 	268.6193 	292.1987 	322.8380 	76.5397 
273.7981 	268.4408 	292.0788 	322.7560 	76.6749 
273.6307 	268.2621 	291.9586 	322.6738 	76.8100 
273.4630 	268.0831 	291.8381 	322.5914 	76.9451 
273.2949 	267.9037 	291.7173 	322.5088 	77.0803 
273.1266 	267.7240 	291.5963 	322.4260 	77.2154 
272.9580 	267.5441 	291.4751 	322.3430 	77.3505 
272.7890 	267.3638 	291.3535 	322.2598 	77.4857 
272.6198 	267.1832 	291.2317 	322.1763 	77.6208 
272.4502 	267.0023 	291.1096 	322.0927 	77.7559 
272.2803 	266.8211 	290.9872 	322.0088 	77.8911 
272.1101 	266.6395 	290.8646 	321.9247 	78.0262 
271.9396 	266.4577 	290.7417 	321.8404 	78.1613 
271.7688 	266.2755 	290.6185 	321.7559 	78.2965 
271.5976 	266.0930 	290.4950 	321.6712 	78.4316 
271.4261 	265.9102 	290.3712 	321.5862 	78.5667 
271.2543 	265.7270 	290.2472 	321.5011 	78.7018 
271.0822 	265.5435 	290.1229 	321.4156 	78.8370 
270.9097 	265.3597 	289.9982 	321.3300 	78.9721 
270.7369 	265.1756 	289.8733 	321.2442 	79.1072 
270.5638 	264.9911 	289.7482 	321.1581 	79.2424 
270.3904 	264.8063 	289.6227 	321.0718 	79.3775 
270.2166 	264.6211 	289.4969 	320.9852 	79.5126 
270.0425 	264.4356 	289.3708 	320.8985 	79.6478 
269.8680 	264.2498 	289.2444 	320.8115 	79.7829 
269.6932 	264.0636 	289.1178 	320.7242 	79.9180 
269.5180 	263.8771 	288.9908 	320.6368 	80.0532 
269.3425 	263.6902 	288.8635 	320.5490 	80.1883 
269.1667 	263.5030 	288.7360 	320.4611 	80.3234 
268.9905 	263.3155 	288.6081 	320.3729 	80.4586 
268.8140 	263.1275 	288.4799 	320.2845 	80.5937 
268.6371 	262.9393 	288.3514 	320.1958 	80.7288 
268.4599 	262.7506 	288.2226 	320.1069 	80.8640 
268.2823 	262.5617 	288.0935 	320.0177 	80.9991 
268.1043 	262.3723 	287.9640 	319.9283 	81.1342 
267.9260 	262.1826 	287.8343 	319.8387 	81.2694 
267.7473 	261.9925 	287.7042 	319.7488 	81.4045 
267.5682 	261.8021 	287.5738 	319.6586 	81.5396 
267.3888 	261.6113 	287.4431 	319.5682 	81.6748 
267.2091 	261.4201 	287.3121 	319.4775 	81.8099 
267.0289 	261.2285 	287.1807 	319.3866 	81.9450 
266.8484 	261.0366 	287.0490 	319.2954 	82.0802 
266.6675 	260.8443 	286.9170 	319.2040 	82.2153 
266.4862 	260.6516 	286.7847 	319.1123 	82.3504 
266.3045 	260.4586 	286.6520 	319.0203 	82.4856 
266.1225 	260.2651 	286.5190 	318.9281 	82.6207 
265.9401 	260.0713 	286.3856 	318.8356 	82.7558 
265.7573 	259.8770 	286.2519 	318.7428 	82.8910 
265.5740 	259.6824 	286.1179 	318.6498 	83.0261 
265.3905 	259.4874 	285.9835 	318.5565 	83.1612 
265.2065 	259.2920 	285.8488 	318.4629 	83.2964 
265.0221 	259.0962 	285.7137 	318.3691 	83.4315 
264.8373 	258.9000 	285.5783 	318.2749 	83.5666 
264.6521 	258.7034 	285.4425 	318.1805 	83.7018 
264.4665 	258.5064 	285.3063 	318.0858 	83.8369 
264.2805 	258.3090 	285.1698 	317.9908 	83.9720 
264.0941 	258.1111 	285.0330 	317.8956 	84.1072 
263.9073 	257.9129 	284.8958 	317.8000 	84.2423 
263.7201 	257.7142 	284.7582 	317.7042 	84.3774 
263.5325 	257.5151 	284.6202 	317.6081 	84.5126 
263.3444 	257.3156 	284.4819 	317.5117 	84.6477 
263.1559 	257.1157 	284.3432 	317.4150 	84.7828 
262.9670 	256.9154 	284.2041 	317.3180 	84.9180 
262.7777 	256.7146 	284.0647 	317.2207 	85.0531 
262.5879 	256.5134 	283.9249 	317.1231 	85.1882 
262.3977 	256.3118 	283.7847 	317.0252 	85.3234 
262.2071 	256.1097 	283.6441 	316.9269 	85.4585 
262.0160 	255.9072 	283.5031 	316.8284 	85.5936 
261.8245 	255.7042 	283.3617 	316.7296 	85.7288 
261.6326 	255.5008 	283.2200 	316.6305 	85.8639 
261.4402 	255.2969 	283.0778 	316.5310 	85.9990 
261.2473 	255.0926 	282.9353 	316.4313 	86.1342 
261.0540 	254.8879 	282.7923 	316.3312 	86.2693 
260.8603 	254.6827 	282.6490 	316.2308 	86.4044 
260.6661 	254.4770 	282.5052 	316.1301 	86.5396 
260.4714 	254.2709 	282.3611 	316.0290 	86.6747 
260.2762 	254.0643 	282.2165 	315.9277 	86.8098 
260.0806 	253.8572 	282.0715 	315.8260 	86.9450 
259.8846 	253.6496 	281.9261 	315.7239 	87.0801 
259.6880 	253.4416 	281.7803 	315.6216 	87.2152 
259.4910 	253.2331 	281.6340 	315.5189 	87.3503 
259.2935 	253.0241 	281.4873 	315.4158 	87.4855 
259.0955 	252.8147 	281.3402 	315.3124 	87.6206 
258.8970 	252.6047 	281.1927 	315.2087 	87.7557 
258.6980 	252.3943 	281.0447 	315.1047 	87.8909 
258.4986 	252.1833 	280.8963 	315.0002 	88.0260 
258.2986 	251.9719 	280.7475 	314.8955 	88.1611 
258.0982 	251.7600 	280.5982 	314.7904 	88.2963 
257.8972 	251.5475 	280.4484 	314.6849 	88.4314 
257.6957 	251.3346 	280.2982 	314.5790 	88.5665 
257.4938 	251.1211 	280.1476 	314.4728 	88.7017 
257.2913 	250.9071 	279.9965 	314.3663 	88.8368 
257.0882 	250.6926 	279.8449 	314.2594 	88.9719 
256.8847 	250.4776 	279.6929 	314.1521 	89.1071 
256.6807 	250.2620 	279.5404 	314.0444 	89.2422 
256.4761 	250.0459 	279.3874 	313.9363 	89.3773 
256.2709 	249.8293 	279.2340 	313.8279 	89.5125 
256.0653 	249.6122 	279.0801 	313.7191 	89.6476 
255.8591 	249.3945 	278.9257 	313.6099 	89.7827 
255.6523 	249.1762 	278.7708 	313.5003 	89.9179 
255.4450 	248.9574 	278.6154 	313.3904 	90.0530 
255.2372 	248.7381 	278.4596 	313.2800 	90.1881 
255.0288 	248.5182 	278.3032 	313.1692 	90.3233 
254.8198 	248.2977 	278.1463 	313.0581 	90.4584 
254.6103 	248.0767 	277.9890 	312.9465 	90.5935 
254.4002 	247.8551 	277.8311 	312.8345 	90.7287 
254.1895 	247.6329 	277.6727 	312.7222 	90.8638 
253.9782 	247.4101 	277.5138 	312.6094 	90.9989 
253.7664 	247.1868 	277.3544 	312.4961 	91.1341 
253.5540 	246.9628 	277.1944 	312.3825 	91.2692 
253.3410 	246.7383 	277.0339 	312.2685 	91.4043 
253.1273 	246.5132 	276.8729 	312.1540 	91.5395 
252.9131 	246.2874 	276.7114 	312.0391 	91.6746 
252.6983 	246.0611 	276.5493 	311.9237 	91.8097 
252.4829 	245.8342 	276.3866 	311.8079 	91.9449 
252.2668 	245.6066 	276.2234 	311.6917 	92.0800 
252.0502 	245.3784 	276.0597 	311.5750 	92.2151 
251.8329 	245.1496 	275.8954 	311.4579 	92.3503 
251.6149 	244.9202 	275.7305 	311.3404 	92.4854 
251.3964 	244.6901 	275.5651 	311.2223 	92.6205 
251.1772 	244.4594 	275.3991 	311.1038 	92.7557 
250.9573 	244.2280 	275.2325 	310.9849 	92.8908 
250.7368 	243.9960 	275.0653 	310.8655 	93.0259 
250.5157 	243.7633 	274.8976 	310.7456 	93.1611 
250.2939 	243.5300 	274.7292 	310.6252 	93.2962 
250.0714 	243.2960 	274.5603 	310.5043 	93.4313 
249.8483 	243.0614 	274.3907 	310.3830 	93.5665 
249.6244 	242.8260 	274.2206 	310.2612 	93.7016 
249.3999 	242.5900 	274.0498 	310.1388 	93.8367 
249.1747 	242.3533 	273.8784 	310.0160 	93.9719 
248.9488 	242.1158 	273.7064 	309.8927 	94.1070 
248.7222 	241.8777 	273.5337 	309.7689 	94.2421 
248.4949 	241.6389 	273.3604 	309.6445 	94.3773 
248.2669 	241.3994 	273.1865 	309.5197 	94.5124 
248.0382 	241.1591 	273.0119 	309.3943 	94.6475 
247.8087 	240.9181 	272.8367 	309.2684 	94.7827 
247.5785 	240.6764 	272.6608 	309.1419 	94.9178 
247.3476 	240.4340 	272.4843 	309.0149 	95.0529 
247.1159 	240.1908 	272.3071 	308.8874 	95.1881 
246.8835 	239.9468 	272.1292 	308.7593 	95.3232 
246.6503 	239.7021 	271.9506 	308.6307 	95.4583 
246.4163 	239.4566 	271.7713 	308.5015 	95.5935 
246.1816 	239.2104 	271.5914 	308.3718 	95.7286 
245.9461 	238.9634 	271.4107 	308.2415 	95.8637 
245.7098 	238.7156 	271.2293 	308.1106 	95.9988 
245.4727 	238.4670 	271.0472 	307.9792 	96.1340 
245.2349 	238.2176 	270.8644 	307.8471 	96.2691 
244.9962 	237.9674 	270.6809 	307.7145 	96.4042 
244.7567 	237.7164 	270.4966 	307.5812 	96.5394 
244.5163 	237.4646 	270.3116 	307.4474 	96.6745 
244.2752 	237.2119 	270.1258 	307.3130 	96.8096 
244.0332 	236.9584 	269.9393 	307.1779 	96.9448 
243.7904 	236.7041 	269.7520 	307.0422 	97.0799 
243.5467 	236.4489 	269.5639 	306.9059 	97.2150 
243.3021 	236.1928 	269.3750 	306.7690 	97.3502 
243.0567 	235.9359 	269.1854 	306.6314 	97.4853 
242.8104 	235.6781 	268.9950 	306.4932 	97.6204 
242.5632 	235.4194 	268.8037 	306.3543 	97.7556 
242.3151 	235.1598 	268.6117 	306.2147 	97.8907 
242.0661 	234.8993 	268.4188 	306.0745 	98.0258 
241.8162 	234.6379 	268.2251 	305.9336 	98.1610 
241.5654 	234.3756 	268.0306 	305.7921 	98.2961 
241.3136 	234.1124 	267.8352 	305.6498 	98.4312 
241.0609 	233.8482 	267.6389 	305.5069 	98.5664 
240.8073 	233.5830 	267.4418 	305.3632 	98.7015 
240.5527 	233.3169 	267.2439 	305.2188 	98.8366 
240.2971 	233.0499 	267.0450 	305.0737 	98.9718 
240.0405 	232.7818 	266.8452 	304.9279 	99.1069 
239.7829 	232.5128 	266.6446 	304.7814 	99.2420 
239.5244 	232.2428 	266.4430 	304.6341 	99.3772 
239.2648 	231.9718 	266.2405 	304.4860 	99.5123 
239.0042 	231.6997 	266.0371 	304.3372 	99.6474 
238.7426 	231.4266 	265.8327 	304.1876 	99.7826 
238.4799 	231.1525 	265.6274 	304.0373 	99.9177 
238.2162 	230.8773 	265.4211 	303.8861 	100.0528 
237.9514 	230.6011 	265.2139 	303.7342 	100.1880 
237.6855 	230.3238 	265.0056 	303.5814 	100.3231 
237.4186 	230.0454 	264.7964 	303.4279 	100.4582 
237.1505 	229.7659 	264.5861 	303.2735 	100.5934 
236.8813 	229.4853 	264.3749 	303.1182 	100.7285 
236.6110 	229.2035 	264.1626 	302.9622 	100.8636 
236.3395 	228.9207 	263.9492 	302.8052 	100.9988 
236.0669 	228.6366 	263.7349 	302.6475 	101.1339 
235.7932 	228.3515 	263.5194 	302.4888 	101.2690 
235.5182 	228.0651 	263.3028 	302.3292 	101.4042 
235.2421 	227.7776 	263.0852 	302.1688 	101.5393 
234.9647 	227.4888 	262.8665 	302.0074 	101.6744 
234.6861 	227.1989 	262.6466 	301.8451 	101.8096 
234.4063 	226.9077 	262.4256 	301.6819 	101.9447 
234.1253 	226.6153 	262.2034 	301.5178 	102.0798 
233.8429 	226.3216 	261.9801 	301.3526 	102.2150 
233.5593 	226.0266 	261.7556 	301.1865 	102.3501 
233.2744 	225.7304 	261.5300 	301.0195 	102.4852 
232.9882 	225.4328 	261.3031 	300.8514 	102.6204 
232.7006 	225.1339 	261.0750 	300.6823 	102.7555 
232.4117 	224.8337 	260.8456 	300.5123 	102.8906 
232.1215 	224.5321 	260.6150 	300.3411 	103.0258 
231.8298 	224.2292 	260.3831 	300.1690 	103.1609 
231.5368 	223.9249 	260.1500 	299.9957 	103.2960 
231.2424 	223.6191 	259.9155 	299.8214 	103.4312 
230.9465 	223.3120 	259.6797 	299.6460 	103.5663 
230.6491 	223.0034 	259.4426 	299.4695 	103.7014 
230.3503 	222.6933 	259.2041 	299.2919 	103.8366 
230.0500 	222.3818 	258.9642 	299.1131 	103.9717 
229.7482 	222.0687 	258.7230 	298.9332 	104.1068 
229.4449 	221.7542 	258.4803 	298.7521 	104.2420 
229.1400 	221.4381 	258.2362 	298.5698 	104.3771 
228.8336 	221.1204 	257.9906 	298.3863 	104.5122 
228.5255 	220.8012 	257.7436 	298.2015 	104.6473 
228.2158 	220.4804 	257.4950 	298.0156 	104.7825 
227.9045 	220.1579 	257.2450 	297.8284 	104.9176 
227.5916 	219.8338 	256.9934 	297.6399 	105.0527 
227.2769 	219.5080 	256.7402 	297.4501 	105.1879 
226.9605 	219.1805 	256.4854 	297.2590 	105.3230 
226.6424 	218.8513 	256.2291 	297.0665 	105.4581 
226.3226 	218.5204 	255.9711 	296.8727 	105.5933 
226.0010 	218.1877 	255.7114 	296.6775 	105.7284 
225.6775 	217.8532 	255.4501 	296.4809 	105.8635 
225.3522 	217.5169 	255.1870 	296.2829 	105.9987 
225.0251 	217.1787 	254.9222 	296.0834 	106.1338 
224.6960 	216.8387 	254.6557 	295.8825 	106.2689 
224.3650 	216.4967 	254.3873 	295.6800 	106.4041 
224.0321 	216.1529 	254.1171 	295.4761 	106.5392 
223.6972 	215.8070 	253.8451 	295.2706 	106.6743 
223.3603 	215.4592 	253.5712 	295.0635 	106.8095 
223.0213 	215.1093 	253.2954 	294.8548 	106.9446 
222.6803 	214.7574 	253.0176 	294.6445 	107.0797 
222.3371 	214.4034 	252.7379 	294.4326 	107.2149 
221.9918 	214.0473 	252.4561 	294.2189 	107.3500 
221.6444 	213.6890 	252.1723 	294.0036 	107.4851 
221.2946 	213.3286 	251.8864 	293.7865 	107.6203 
220.9427 	212.9659 	251.5984 	293.5677 	107.7554 
220.5884 	212.6009 	251.3083 	293.3470 	107.8905 
220.2318 	212.2336 	251.0159 	293.1245 	108.0257 
219.8729 	211.8640 	250.7213 	292.9001 	108.1608 
219.5115 	211.4920 	250.4245 	292.6738 	108.2959 
219.1477 	211.1176 	250.1253 	292.4456 	108.4311 
218.7813 	210.7407 	249.8238 	292.2154 	108.5662 
218.4125 	210.3613 	249.5199 	291.9832 	108.7013 
218.0410 	209.9793 	249.2135 	291.7489 	108.8365 
217.6669 	209.5947 	248.9046 	291.5125 	108.9716 
217.2901 	209.2075 	248.5932 	291.2740 	109.1067 
216.9105 	208.8176 	248.2792 	291.0332 	109.2419 
216.5282 	208.4249 	247.9626 	290.7903 	109.3770 
216.1430 	208.0295 	247.6433 	290.5451 	109.5121 
215.7549 	207.6311 	247.3212 	290.2976 	109.6473 
215.3639 	207.2299 	246.9963 	290.0477 	109.7824 
214.9698 	206.8256 	246.6685 	289.7953 	109.9175 
214.5727 	206.4184 	246.3379 	289.5405 	110.0527 
214.1724 	206.0081 	246.0042 	289.2832 	110.1878 
213.7689 	205.5946 	245.6675 	289.0233 	110.3229 
213.3621 	205.1778 	245.3276 	288.7608 	110.4581 
212.9520 	204.7578 	244.9846 	288.4956 	110.5932 
212.5385 	204.3345 	244.6383 	288.2276 	110.7283 
212.1215 	203.9077 	244.2887 	287.9567 	110.8635 
211.7009 	203.4774 	243.9357 	287.6830 	110.9986 
211.2767 	203.0436 	243.5793 	287.4064 	111.1337 
210.8488 	202.6061 	243.2192 	287.1267 	111.2689 
210.4171 	202.1648 	242.8555 	286.8439 	111.4040 
209.9814 	201.7197 	242.4881 	286.5579 	111.5391 
209.5418 	201.2707 	242.1168 	286.2686 	111.6743 
209.0981 	200.8178 	241.7416 	285.9761 	111.8094 
208.6502 	200.3607 	241.3624 	285.6800 	111.9445 
208.1980 	199.8994 	240.9791 	285.3805 	112.0797 
207.7415 	199.4338 	240.5915 	285.0774 	112.2148 
207.2804 	198.9638 	240.1996 	284.7706 	112.3499 
206.8147 	198.4893 	239.8033 	284.4599 	112.4851 
206.3443 	198.0102 	239.4023 	284.1454 	112.6202 
205.8690 	197.5263 	238.9967 	283.8268 	112.7553 
205.3888 	197.0376 	238.5863 	283.5041 	112.8905 
204.9034 	196.5438 	238.1709 	283.1771 	113.0256 
204.4128 	196.0449 	237.7504 	282.8458 	113.1607 
203.9168 	195.5407 	237.3246 	282.5099 	113.2958 
203.4152 	195.0311 	236.8934 	282.1694 	113.4310 
202.9078 	194.5159 	236.4566 	281.8241 	113.5661 
202.3946 	193.9950 	236.0141 	281.4739 	113.7012 
201.8754 	193.4682 	235.5657 	281.1186 	113.8364 
201.3498 	192.9353 	235.1112 	280.7580 	113.9715 
200.8179 	192.3961 	234.6503 	280.3920 	114.1066 
200.2793 	191.8504 	234.1830 	280.0204 	114.2418 
199.7338 	191.2981 	233.7089 	279.6429 	114.3769 
199.1813 	190.7389 	233.2279 	279.2595 	114.5120 
198.6214 	190.1726 	232.7396 	278.8698 	114.6472 
198.0540 	189.5989 	232.2439 	278.4737 	114.7823 
197.4787 	189.0176 	231.7405 	278.0709 	114.9174 
196.8954 	188.4285 	231.2291 	277.6612 	115.0526 
196.3036 	187.8313 	230.7093 	277.2442 	000.0000 
195.7032 	187.2256 	230.1810 	276.8198 	000.0000 
195.0937 	186.6112 	229.6436 	276.3876 	000.0000 
194.4749 	185.9877 	229.0970 	275.9473 	000.0000 
193.8463 	185.3549 	228.5406 	275.4985 	000.0000 
193.2076 	184.7122 	227.9741 	275.0409 	000.0000 
192.5583 	184.0594 	227.3970 	274.5742 	000.0000 
191.8981 	183.3959 	226.8089 	274.0978 	000.0000 
191.2264 	182.7214 	226.2094 	273.6114 	000.0000 
190.5427 	182.0354 	225.5977 	273.1145 	000.0000 
189.8465 	181.3374 	224.9734 	272.6065 	000.0000 
189.1372 	180.6268 	224.3359 	272.0870 	000.0000 
188.4142 	179.9030 	223.6845 	271.5553 	000.0000 
187.6768 	179.1654 	223.0185 	271.0108 	000.0000 
186.9242 	178.4134 	222.3370 	270.4528 	000.0000 
186.1558 	177.6461 	221.6393 	269.8805 	000.0000 
185.3706 	176.8628 	220.9245 	269.2932 	000.0000 
184.5677 	176.0626 	220.1915 	268.6899 	000.0000 
183.7461 	175.2446 	219.4392 	268.0697 	000.0000 
182.9047 	174.4078 	218.6664 	267.4315 	000.0000 
182.0422 	173.5510 	217.8719 	266.7742 	000.0000 
181.1575 	172.6731 	217.0542 	266.0963 	000.0000 
180.2489 	171.7725 	216.2115 	265.3965 	000.0000 
179.3148 	170.8480 	215.3423 	264.6733 	000.0000 
178.3535 	169.8977 	214.4443 	263.9247 	000.0000 
177.3630 	168.9199 	213.5155 	263.1488 	000.0000 
176.3409 	167.9125 	212.5532 	262.3433 	000.0000 
175.2847 	166.8732 	211.5545 	261.5057 	000.0000 
174.1916 	165.7994 	210.5162 	260.6330 	000.0000 
173.0582 	164.6881 	209.4345 	259.7219 	000.0000 
171.8808 	163.5359 	208.3051 	258.7686 	000.0000 
170.6551 	162.3390 	207.1228 	257.7684 	000.0000 
169.3758 	161.0928 	205.8817 	256.7163 	000.0000 
168.0372 	159.7922 	204.5747 	255.6058 	000.0000 
166.6321 	158.4309 	203.1934 	254.4295 	000.0000 
165.1521 	157.0015 	201.7273 	253.1784 	000.0000 
163.5869 	155.4952 	200.1637 	251.8412 	000.0000 
161.9237 	153.9012 	198.4867 	250.4041 	000.0000 
160.1467 	152.2061 	196.6757 	248.8495 	000.0000 
158.2354 	150.3929 	194.7041 	247.1542 	000.0000 
156.1632 	148.4397 	192.5356 	245.2875 	000.0000 
153.8940 	146.3176 	190.1198 	243.2070 	000.0000 
151.3772 	143.9872 	187.3828 	240.8518 	000.0000 
148.5386 	141.3922 	184.2098 	238.1293 	000.0000 
145.2621 	138.4483 	180.4067 	234.8882 	000.0000 
141.3495 	135.0201 	175.6014 	230.8549 	000.0000 
136.4136 	130.8665 	168.9116 	225.4424 	000.0000 
129.5002 	125.4836 	156.9692 	216.9253 	000.0000 
116.4646 	117.4439 	000.0000 	187.7367 	000.0000 
000.0000 	094.4195 	000.0000 	000.0000 	000.0000 
000.0000 	000.0000 	000.0000 	000.0000 	000.0000 
000.0000 	000.0000 	000.0000 	000.0000 	000.0000 
000.0000 	000.0000 	000.0000 	000.0000 	000.0000 
000.0000 	000.0000 	000.0000 	000.0000 	000.0000 
000.0000 	000.0000 	000.0000 	000.0000 	000.0000 
000.0000 	000.0000 	000.0000 	000.0000 	000.0000 
000.0000 	000.0000 	000.0000 	000.0000 	000.0000 
000.0000 	000.0000 	000.0000 	000.0000 	000.0000 
000.0000 	000.0000 	000.0000 	000.0000 	000.0000 
000.0000 	000.0000 	000.0000 	000.0000 	000.0000 
000.0000 	000.0000 	000.0000 	000.0000 	000.0000 
000.0000 	000.0000 	000.0000 	000.0000 	000.0000 
000.0000 	000.0000 	000.0000 	000.0000 	000.0000 
000.0000 	000.0000 	000.0000 	000.0000 	000.0000 
000.0000 	000.0000 	000.0000 	000.0000 	000.0000 
000.0000 	000.0000 	000.0000 	000.0000 	000.0000 
000.0000 	000.0000 	000.0000 	000.0000 	000.0000 
000.0000 	000.0000 	000.0000 	000.0000 	000.0000 
000.0000 	000.0000 	000.0000 	000.0000 	000.0000 
000.0000 	000.0000 	000.0000 	000.0000 	000.0000 
000.0000 	000.0000 	000.0000 	000.0000 	000.0000 
000.0000 	000.0000 	000.0000 	000.0000 	000.0000 
000.0000 	000.0000 	000.0000 	000.0000 	000.0000 
000.0000 	000.0000 	000.0000 	000.0000 	000.0000 
000.0000 	000.0000 	000.0000 	000.0000 	000.0000 
000.0000 	000.0000 	000.0000 	000.0000 	000.0000 
000.0000 	000.0000 	000.0000 	000.0000 	000.0000 
000.0000 	000.0000 	000.0000 	000.0000 	000.0000 
000.0000 	000.0000 	000.0000 	000.0000 	000.0000 
000.0000 	000.0000 	000.0000 	000.0000 	000.0000 
000.0000 	000.0000 	000.0000 	000.0000 	000.0000 
000.0000 	000.0000 	000.0000 	000.0000 	000.0000 
000.0000 	000.0000 	000.0000 	000.0000 	000.0000 
000.0000 	000.0000 	000.0000 	000.0000 	000.0000 
000.0000 	000.0000 	000.0000 	000.0000 	000.0000 
000.0000 	000.0000 	000.0000 	000.0000 	000.0000 
000.0000 	000.0000 	000.0000 	000.0000 	000.0000 
000.0000 	000.0000 	000.0000 	000.0000 	000.0000 
000.0000 	000.0000 	000.0000 	000.0000 	000.0000 
000.0000 	000.0000 	000.0000 	000.0000 	000.0000 
000.0000 	000.0000 	000.0000 	000.0000 	000.0000 
000.0000 	000.0000 	000.0000 	000.0000 	000.0000 
000.0000 	000.0000 	000.0000 	000.0000 	000.0000 
000.0000 	000.0000 	000.0000 	000.0000 	000.0000 
000.0000 	000.0000 	000.0000 	000.0000 	000.0000 
000.0000 	000.0000 	000.0000 	000.0000 	000.0000 
000.0000 	000.0000 	000.0000 	000.0000 	000.0000 
000.0000 	000.0000 	000.0000 	000.0000 	000.0000 
000.0000 	000.0000 	000.0000 	000.0000 	000.0000 
000.0000 	000.0000 	000.0000 	000.0000 	000.0000 
000.0000 	000.0000 	000.0000 	000.0000 	000.0000 
000.0000 	000.0000 	000.0000 	000.0000 	000.0000 
000.0000 	000.0000 	000.0000 	000.0000 	000.0000 
000.0000 	000.0000 	000.0000 	000.0000 	000.0000 
000.0000 	000.0000 	000.0000 	000.0000 	000.0000 
000.0000 	000.0000 	000.0000 	000.0000 	000.0000 
000.0000 	000.0000 	000.0000 	000.0000 	000.0000 
000.0000 	000.0000 	000.0000 	000.0000 	000.0000 
000.0000 	000.0000 	000.0000 	000.0000 	000.0000 
000.0000 	000.0000 	000.0000 	000.0000 	000.0000 
000.0000 	000.0000 	000.0000 	000.0000 	000.0000 
000.0000 	000.0000 	000.0000 	000.0000 	000.0000 
000.0000 	000.0000 	000.0000 	000.0000 	000.0000 
000.0000 	000.0000 	000.0000 	000.0000 	000.0000 
000.0000 	000.0000 	000.0000 	000.0000 	000.0000 
000.0000 	000.0000 	000.0000 	000.0000 	000.0000 
000.0000 	000.0000 	000.0000 	000.0000 	000.0000 
000.0000 	000.0000 	000.0000 	000.0000 	000.0000 
000.0000 	000.0000 	000.0000 	000.0000 	000.0000 
000.0000 	000.0000 	000.0000 	000.0000 	000.0000 
000.0000 	000.0000 	000.0000 	000.0000 	000.0000 
000.0000 	000.0000 	000.0000 	000.0000 	000.0000 
