1.79554E+01	1.58062E+01	1.63728E+01	3.20975E+00	0.00000E+00
1.79365E+01	1.57896E+01	1.63556E+01	3.20637E+00	0.00000E+00
1.79176E+01	1.57730E+01	1.63383E+01	3.20299E+00	0.00000E+00
1.78987E+01	1.57563E+01	1.63211E+01	3.19961E+00	0.00000E+00
1.78798E+01	1.57397E+01	1.63038E+01	3.19624E+00	0.00000E+00
1.78609E+01	1.57231E+01	1.62866E+01	3.19286E+00	0.00000E+00
1.78421E+01	1.57065E+01	1.62694E+01	3.18948E+00	0.00000E+00
1.78232E+01	1.56899E+01	1.62521E+01	3.18610E+00	0.00000E+00
1.78043E+01	1.56732E+01	1.62349E+01	3.18272E+00	0.00000E+00
1.77854E+01	1.56566E+01	1.62176E+01	3.17934E+00	0.00000E+00
1.77665E+01	1.56400E+01	1.62004E+01	3.17597E+00	0.00000E+00
1.77476E+01	1.56234E+01	1.61831E+01	3.17259E+00	0.00000E+00
1.77287E+01	1.56068E+01	1.61659E+01	3.16921E+00	0.00000E+00
1.77098E+01	1.55902E+01	1.61487E+01	3.16583E+00	0.00000E+00
1.76909E+01	1.55735E+01	1.61314E+01	3.16245E+00	0.00000E+00
1.76720E+01	1.55569E+01	1.61142E+01	3.15907E+00	0.00000E+00
1.76531E+01	1.55403E+01	1.60969E+01	3.15570E+00	0.00000E+00
1.76342E+01	1.55237E+01	1.60797E+01	3.15232E+00	0.00000E+00
1.76154E+01	1.55071E+01	1.60625E+01	3.14894E+00	0.00000E+00
1.75965E+01	1.54904E+01	1.60452E+01	3.14556E+00	0.00000E+00
1.75776E+01	1.54738E+01	1.60280E+01	3.14218E+00	0.00000E+00
1.75587E+01	1.54572E+01	1.60107E+01	3.13880E+00	0.00000E+00
1.75398E+01	1.54406E+01	1.59935E+01	3.13542E+00	0.00000E+00
1.75209E+01	1.54240E+01	1.59762E+01	3.13205E+00	0.00000E+00
1.75020E+01	1.54073E+01	1.59590E+01	3.12867E+00	0.00000E+00
1.74831E+01	1.53907E+01	1.59418E+01	3.12529E+00	0.00000E+00
1.74642E+01	1.53741E+01	1.59245E+01	3.12191E+00	0.00000E+00
1.74453E+01	1.53575E+01	1.59073E+01	3.11853E+00	0.00000E+00
1.74264E+01	1.53409E+01	1.58900E+01	3.11515E+00	0.00000E+00
1.74076E+01	1.53242E+01	1.58728E+01	3.11178E+00	0.00000E+00
1.73887E+01	1.53076E+01	1.58556E+01	3.10840E+00	0.00000E+00
1.73698E+01	1.52910E+01	1.58383E+01	3.10502E+00	0.00000E+00
1.73509E+01	1.52744E+01	1.58211E+01	3.10164E+00	0.00000E+00
1.73320E+01	1.52578E+01	1.58038E+01	3.09826E+00	0.00000E+00
1.73131E+01	1.52412E+01	1.57866E+01	3.09488E+00	0.00000E+00
1.72942E+01	1.52245E+01	1.57694E+01	3.09150E+00	0.00000E+00
1.72753E+01	1.52079E+01	1.57521E+01	3.08813E+00	0.00000E+00
1.72564E+01	1.51913E+01	1.57349E+01	3.08475E+00	0.00000E+00
1.72375E+01	1.51747E+01	1.57176E+01	3.08137E+00	0.00000E+00
1.72186E+01	1.51581E+01	1.57004E+01	3.07799E+00	0.00000E+00
1.71998E+01	1.51414E+01	1.56831E+01	3.07461E+00	0.00000E+00
1.71809E+01	1.51248E+01	1.56659E+01	3.07123E+00	0.00000E+00
1.71620E+01	1.51082E+01	1.56487E+01	3.06786E+00	0.00000E+00
1.71431E+01	1.50916E+01	1.56314E+01	3.06448E+00	0.00000E+00
1.71242E+01	1.50750E+01	1.56142E+01	3.06110E+00	0.00000E+00
1.71053E+01	1.50583E+01	1.55969E+01	3.05772E+00	0.00000E+00
1.70864E+01	1.50417E+01	1.55797E+01	3.05434E+00	0.00000E+00
1.70675E+01	1.50251E+01	1.55625E+01	3.05096E+00	0.00000E+00
1.70486E+01	1.50085E+01	1.55452E+01	3.04759E+00	0.00000E+00
1.70297E+01	1.49919E+01	1.55280E+01	3.04421E+00	0.00000E+00
1.70108E+01	1.49753E+01	1.55107E+01	3.04083E+00	2.61000E-01
1.69919E+01	1.49586E+01	1.54935E+01	3.03745E+00	9.07342E-01
1.69731E+01	1.49420E+01	1.54762E+01	3.03407E+00	1.55368E+00
1.69542E+01	1.49254E+01	1.54590E+01	3.03069E+00	2.20003E+00
1.69353E+01	1.49088E+01	1.54418E+01	3.02731E+00	2.84637E+00
1.69164E+01	1.48922E+01	1.54245E+01	3.02394E+00	3.49271E+00
1.68975E+01	1.48755E+01	1.54073E+01	3.02056E+00	4.13905E+00
1.68786E+01	1.48589E+01	1.53900E+01	3.01718E+00	4.78539E+00
1.68597E+01	1.48423E+01	1.53728E+01	3.01380E+00	5.43174E+00
1.68408E+01	1.48257E+01	1.53556E+01	3.01042E+00	6.07808E+00
1.68219E+01	1.48091E+01	1.53383E+01	3.00704E+00	6.72442E+00
1.68030E+01	1.47924E+01	1.53211E+01	3.00367E+00	7.37076E+00
1.67841E+01	1.47758E+01	1.53038E+01	3.00029E+00	8.01710E+00
1.67653E+01	1.47592E+01	1.52866E+01	2.99691E+00	8.66345E+00
1.67464E+01	1.47426E+01	1.52694E+01	2.99353E+00	9.30979E+00
1.67275E+01	1.47260E+01	1.52521E+01	2.99015E+00	9.95613E+00
1.67086E+01	1.47093E+01	1.52349E+01	2.98677E+00	1.06025E+01
1.66897E+01	1.46927E+01	1.52176E+01	2.98340E+00	1.12488E+01
1.66708E+01	1.46761E+01	1.52004E+01	2.98002E+00	1.18952E+01
1.66519E+01	1.46595E+01	1.51831E+01	2.97664E+00	1.25415E+01
1.66330E+01	1.46429E+01	1.51659E+01	2.97326E+00	1.31878E+01
1.66141E+01	1.46263E+01	1.51487E+01	2.96988E+00	1.38342E+01
1.65952E+01	1.46096E+01	1.51314E+01	2.96650E+00	1.44805E+01
1.65763E+01	1.45930E+01	1.51142E+01	2.96312E+00	1.51269E+01
1.65575E+01	1.45764E+01	1.50969E+01	2.95975E+00	1.57732E+01
1.65386E+01	1.45598E+01	1.50797E+01	2.95637E+00	1.64196E+01
1.65197E+01	1.45432E+01	1.50625E+01	2.95299E+00	1.70659E+01
1.65008E+01	1.45265E+01	1.50452E+01	2.94961E+00	1.77122E+01
1.64819E+01	1.45099E+01	1.50280E+01	2.94623E+00	1.83586E+01
1.64630E+01	1.44933E+01	1.50107E+01	2.94285E+00	1.90049E+01
1.64441E+01	1.44767E+01	1.49935E+01	2.93948E+00	1.96513E+01
1.64252E+01	1.44601E+01	1.49762E+01	2.93610E+00	2.02976E+01
1.64063E+01	1.44434E+01	1.49590E+01	2.93272E+00	2.09439E+01
1.63874E+01	1.44268E+01	1.49418E+01	2.92934E+00	2.15903E+01
1.63685E+01	1.44102E+01	1.49245E+01	2.92596E+00	2.22366E+01
1.63496E+01	1.43936E+01	1.49073E+01	2.92258E+00	2.28830E+01
1.63308E+01	1.43770E+01	1.48900E+01	2.91921E+00	2.35293E+01
1.63119E+01	1.43603E+01	1.48728E+01	2.91583E+00	2.41757E+01
1.62930E+01	1.43437E+01	1.48556E+01	2.91245E+00	2.48220E+01
1.62741E+01	1.43271E+01	1.48383E+01	2.90907E+00	2.54683E+01
1.62552E+01	1.43105E+01	1.48211E+01	2.90569E+00	2.61147E+01
1.62363E+01	1.42939E+01	1.48038E+01	2.90231E+00	2.67610E+01
1.62174E+01	1.42773E+01	1.47866E+01	2.89893E+00	2.74074E+01
1.61985E+01	1.42606E+01	1.47693E+01	2.89556E+00	2.80537E+01
1.61796E+01	1.42440E+01	1.47521E+01	2.89218E+00	2.87000E+01
1.61607E+01	1.42274E+01	1.47349E+01	2.88880E+00	2.93464E+01
1.61418E+01	1.42108E+01	1.47176E+01	2.88542E+00	2.99927E+01
1.61230E+01	1.41942E+01	1.47004E+01	2.88204E+00	3.06391E+01
1.61041E+01	1.41775E+01	1.46831E+01	2.87866E+00	3.12854E+01
1.60852E+01	1.41609E+01	1.46659E+01	2.87529E+00	3.19318E+01
1.60663E+01	1.41443E+01	1.46487E+01	2.87191E+00	3.25781E+01
1.60474E+01	1.41277E+01	1.46314E+01	2.86853E+00	3.32244E+01
1.60285E+01	1.41111E+01	1.46142E+01	2.86515E+00	3.38708E+01
1.60096E+01	1.40944E+01	1.45969E+01	2.86177E+00	3.45171E+01
1.59907E+01	1.40778E+01	1.45797E+01	2.85839E+00	3.51635E+01
1.59718E+01	1.40612E+01	1.45625E+01	2.85501E+00	3.58098E+01
1.59529E+01	1.40446E+01	1.45452E+01	2.85164E+00	3.64562E+01
1.59340E+01	1.40280E+01	1.45280E+01	2.84826E+00	3.71025E+01
1.59152E+01	1.40113E+01	1.45107E+01	2.84488E+00	3.77488E+01
1.58963E+01	1.39947E+01	1.44935E+01	2.84150E+00	3.83952E+01
1.58774E+01	1.39781E+01	1.44762E+01	2.83812E+00	3.90415E+01
1.58585E+01	1.39615E+01	1.44590E+01	2.83474E+00	3.96879E+01
1.58396E+01	1.39449E+01	1.44418E+01	2.83137E+00	4.03342E+01
1.58207E+01	1.39283E+01	1.44245E+01	2.82799E+00	4.09805E+01
1.58018E+01	1.39116E+01	1.44073E+01	2.82461E+00	4.16269E+01
1.57829E+01	1.38950E+01	1.43900E+01	2.82123E+00	4.22732E+01
1.57640E+01	1.38784E+01	1.43728E+01	2.81785E+00	4.29196E+01
1.57451E+01	1.38618E+01	1.43556E+01	2.81447E+00	4.35659E+01
1.57262E+01	1.38452E+01	1.43383E+01	2.81110E+00	4.42123E+01
1.57073E+01	1.38285E+01	1.43211E+01	2.80772E+00	4.48586E+01
1.56885E+01	1.38119E+01	1.43038E+01	2.80434E+00	4.55049E+01
1.56696E+01	1.37953E+01	1.42866E+01	2.80096E+00	4.61513E+01
1.56507E+01	1.37787E+01	1.42693E+01	2.79758E+00	4.67976E+01
1.56318E+01	1.37621E+01	1.42521E+01	2.79420E+00	4.74440E+01
1.56129E+01	1.37454E+01	1.42349E+01	2.79082E+00	4.80903E+01
1.55940E+01	1.37288E+01	1.42176E+01	2.78745E+00	4.87367E+01
1.55751E+01	1.37122E+01	1.42004E+01	2.78407E+00	4.93830E+01
1.55562E+01	1.36956E+01	1.41831E+01	2.78069E+00	5.00293E+01
1.55373E+01	1.36790E+01	1.41659E+01	2.77731E+00	5.06757E+01
1.55184E+01	1.36623E+01	1.41487E+01	2.77393E+00	5.13220E+01
1.54995E+01	1.36457E+01	1.41314E+01	2.77055E+00	5.19684E+01
1.54807E+01	1.36291E+01	1.41142E+01	2.76718E+00	5.26147E+01
1.54618E+01	1.36125E+01	1.40969E+01	2.76380E+00	5.32610E+01
1.54429E+01	1.35959E+01	1.40797E+01	2.76042E+00	5.39074E+01
1.54240E+01	1.35793E+01	1.40625E+01	2.75704E+00	5.45537E+01
1.54051E+01	1.35626E+01	1.40452E+01	2.75366E+00	5.52001E+01
1.53862E+01	1.35460E+01	1.40280E+01	2.75028E+00	5.58464E+01
1.53673E+01	1.35294E+01	1.40107E+01	2.74691E+00	5.64928E+01
1.53484E+01	1.35128E+01	1.39935E+01	2.74353E+00	5.71391E+01
1.53295E+01	1.34962E+01	1.39762E+01	2.74015E+00	5.77854E+01
1.53106E+01	1.34795E+01	1.39590E+01	2.73677E+00	5.84318E+01
1.52917E+01	1.34629E+01	1.39418E+01	2.73339E+00	5.90781E+01
1.52728E+01	1.34463E+01	1.39245E+01	2.73001E+00	5.97245E+01
1.52540E+01	1.34297E+01	1.39073E+01	2.72663E+00	6.03708E+01
1.52351E+01	1.34131E+01	1.38900E+01	2.72326E+00	6.10171E+01
1.52162E+01	1.33964E+01	1.38728E+01	2.71988E+00	6.16635E+01
1.51973E+01	1.33798E+01	1.38556E+01	2.71650E+00	6.23098E+01
1.51784E+01	1.33632E+01	1.38383E+01	2.71312E+00	6.29562E+01
1.51595E+01	1.33466E+01	1.38211E+01	2.70974E+00	6.36025E+01
1.51406E+01	1.33300E+01	1.38038E+01	2.70636E+00	6.42489E+01
1.51217E+01	1.33134E+01	1.37866E+01	2.70299E+00	6.48952E+01
1.51028E+01	1.32967E+01	1.37693E+01	2.69961E+00	6.55415E+01
1.50839E+01	1.32801E+01	1.37521E+01	2.69623E+00	6.61879E+01
1.50650E+01	1.32635E+01	1.37349E+01	2.69285E+00	6.68342E+01
1.50462E+01	1.32469E+01	1.37176E+01	2.68947E+00	6.74806E+01
1.50273E+01	1.32303E+01	1.37004E+01	2.68609E+00	6.81269E+01
1.50084E+01	1.32136E+01	1.36831E+01	2.68271E+00	6.87733E+01
1.49895E+01	1.31970E+01	1.36659E+01	2.67934E+00	6.94196E+01
1.49706E+01	1.31804E+01	1.36487E+01	2.67596E+00	7.00659E+01
1.49517E+01	1.31638E+01	1.36314E+01	2.67258E+00	7.07123E+01
1.49328E+01	1.31472E+01	1.36142E+01	2.66920E+00	7.13586E+01
1.49139E+01	1.31305E+01	1.35969E+01	2.66582E+00	7.20050E+01
1.48950E+01	1.31139E+01	1.35797E+01	2.66244E+00	7.26513E+01
1.48761E+01	1.30973E+01	1.35625E+01	2.65907E+00	7.32976E+01
1.48572E+01	1.30807E+01	1.35452E+01	2.65569E+00	7.39440E+01
1.48384E+01	1.30641E+01	1.35280E+01	2.65231E+00	7.45903E+01
1.48195E+01	1.30474E+01	1.35107E+01	2.64893E+00	7.52367E+01
1.48006E+01	1.30308E+01	1.34935E+01	2.64555E+00	7.58830E+01
1.47817E+01	1.30142E+01	1.34762E+01	2.64217E+00	7.65294E+01
1.47628E+01	1.29976E+01	1.34590E+01	2.63880E+00	7.71757E+01
1.47439E+01	1.29810E+01	1.34418E+01	2.63542E+00	7.78220E+01
1.47250E+01	1.29644E+01	1.34245E+01	2.63204E+00	7.84684E+01
1.47061E+01	1.29477E+01	1.34073E+01	2.62866E+00	7.91147E+01
1.46872E+01	1.29311E+01	1.33900E+01	2.62528E+00	7.97611E+01
1.46683E+01	1.29145E+01	1.33728E+01	2.62190E+00	8.04074E+01
1.46494E+01	1.28979E+01	1.33556E+01	2.61852E+00	8.10538E+01
1.46305E+01	1.28813E+01	1.33383E+01	2.61515E+00	8.17001E+01
1.46117E+01	1.28646E+01	1.33211E+01	2.61177E+00	8.23464E+01
1.45928E+01	1.28480E+01	1.33038E+01	2.60839E+00	8.29928E+01
1.45739E+01	1.28314E+01	1.32866E+01	2.60501E+00	8.36391E+01
1.45550E+01	1.28148E+01	1.32693E+01	2.60163E+00	8.42855E+01
1.45361E+01	1.27982E+01	1.32521E+01	2.59825E+00	8.49318E+01
1.45172E+01	1.27815E+01	1.32349E+01	2.59488E+00	8.55781E+01
1.44983E+01	1.27649E+01	1.32176E+01	2.59150E+00	8.62245E+01
1.44794E+01	1.27483E+01	1.32004E+01	2.58812E+00	8.68708E+01
1.44605E+01	1.27317E+01	1.31831E+01	2.58474E+00	8.75172E+01
1.44416E+01	1.27151E+01	1.31659E+01	2.58136E+00	8.81635E+01
1.44227E+01	1.26984E+01	1.31487E+01	2.57798E+00	8.88099E+01
1.44039E+01	1.26818E+01	1.31314E+01	2.57461E+00	8.94562E+01
1.43850E+01	1.26652E+01	1.31142E+01	2.57123E+00	9.01025E+01
1.43661E+01	1.26486E+01	1.30969E+01	2.56785E+00	9.07489E+01
1.43472E+01	1.26320E+01	1.30797E+01	2.56447E+00	9.13952E+01
1.43283E+01	1.26154E+01	1.30625E+01	2.56109E+00	9.20416E+01
1.43094E+01	1.25987E+01	1.30452E+01	2.55771E+00	9.26879E+01
1.42905E+01	1.25821E+01	1.30280E+01	2.55433E+00	9.33342E+01
1.42716E+01	1.25655E+01	1.30107E+01	2.55096E+00	9.39806E+01
1.42527E+01	1.25489E+01	1.29935E+01	2.54758E+00	9.46269E+01
1.42338E+01	1.25323E+01	1.29762E+01	2.54420E+00	9.52733E+01
1.42149E+01	1.25156E+01	1.29590E+01	2.54082E+00	9.59196E+01
1.41961E+01	1.24990E+01	1.29418E+01	2.53744E+00	9.65660E+01
1.41772E+01	1.24824E+01	1.29245E+01	2.53406E+00	9.72123E+01
1.41583E+01	1.24658E+01	1.29073E+01	2.53069E+00	9.78586E+01
1.41394E+01	1.24492E+01	1.28900E+01	2.52731E+00	9.85050E+01
1.41205E+01	1.24325E+01	1.28728E+01	2.52393E+00	9.91513E+01
1.41016E+01	1.24159E+01	1.28556E+01	2.52055E+00	9.97977E+01
1.40827E+01	1.23993E+01	1.28383E+01	2.51717E+00	1.00444E+02
1.40638E+01	1.23827E+01	1.28211E+01	2.51379E+00	1.01090E+02
1.40449E+01	1.23661E+01	1.28038E+01	2.51041E+00	1.01737E+02
1.40260E+01	1.23494E+01	1.27866E+01	2.50704E+00	1.02383E+02
1.40071E+01	1.23328E+01	1.27693E+01	2.50366E+00	1.03029E+02
1.39882E+01	1.23162E+01	1.27521E+01	2.50028E+00	1.03676E+02
1.39694E+01	1.22996E+01	1.27349E+01	2.49690E+00	1.04322E+02
1.39505E+01	1.22830E+01	1.27176E+01	2.49352E+00	1.04968E+02
1.39316E+01	1.22664E+01	1.27004E+01	2.49014E+00	1.05615E+02
1.39127E+01	1.22497E+01	1.26831E+01	2.48677E+00	1.06261E+02
1.38938E+01	1.22331E+01	1.26659E+01	2.48339E+00	1.06907E+02
1.38749E+01	1.22165E+01	1.26487E+01	2.48001E+00	1.07554E+02
1.38560E+01	1.21999E+01	1.26314E+01	2.47663E+00	1.08200E+02
1.38371E+01	1.21833E+01	1.26142E+01	2.47325E+00	1.08846E+02
1.38182E+01	1.21666E+01	1.25969E+01	2.46987E+00	1.09493E+02
1.37993E+01	1.21500E+01	1.25797E+01	2.46650E+00	1.10139E+02
1.37804E+01	1.21334E+01	1.25625E+01	2.46312E+00	1.10785E+02
1.37616E+01	1.21168E+01	1.25452E+01	2.45974E+00	1.11432E+02
1.37427E+01	1.21002E+01	1.25280E+01	2.45636E+00	1.12078E+02
1.37238E+01	1.20835E+01	1.25107E+01	2.45298E+00	1.12725E+02
1.37049E+01	1.20669E+01	1.24935E+01	2.44960E+00	1.13371E+02
1.36860E+01	1.20503E+01	1.24762E+01	2.44622E+00	1.14017E+02
1.36671E+01	1.20337E+01	1.24590E+01	2.44285E+00	1.14664E+02
1.36482E+01	1.20171E+01	1.24418E+01	2.43947E+00	1.15310E+02
1.36293E+01	1.20004E+01	1.24245E+01	2.43609E+00	1.15956E+02
1.36104E+01	1.19838E+01	1.24073E+01	2.43271E+00	1.16603E+02
1.35915E+01	1.19672E+01	1.23900E+01	2.42933E+00	1.17249E+02
1.35726E+01	1.19506E+01	1.23728E+01	2.42595E+00	1.17895E+02
1.35538E+01	1.19340E+01	1.23556E+01	2.42258E+00	1.18542E+02
1.35349E+01	1.19174E+01	1.23383E+01	2.41920E+00	1.19188E+02
1.35160E+01	1.19007E+01	1.23211E+01	2.41582E+00	1.19834E+02
1.34971E+01	1.18841E+01	1.23038E+01	2.41244E+00	1.20481E+02
1.34782E+01	1.18675E+01	1.22866E+01	2.40906E+00	1.21127E+02
1.34593E+01	1.18509E+01	1.22693E+01	2.40568E+00	1.21773E+02
1.34404E+01	1.18343E+01	1.22521E+01	2.40231E+00	1.22420E+02
1.34215E+01	1.18176E+01	1.22349E+01	2.39893E+00	1.23066E+02
1.34026E+01	1.18010E+01	1.22176E+01	2.39555E+00	1.23712E+02
1.33837E+01	1.17844E+01	1.22004E+01	2.39217E+00	1.24359E+02
1.33648E+01	1.17678E+01	1.21831E+01	2.38879E+00	1.25005E+02
1.33459E+01	1.17512E+01	1.21659E+01	2.38541E+00	1.25651E+02
1.33271E+01	1.17345E+01	1.21487E+01	2.38203E+00	1.26298E+02
1.33082E+01	1.17179E+01	1.21314E+01	2.37866E+00	1.26944E+02
1.32893E+01	1.17013E+01	1.21142E+01	2.37528E+00	1.27590E+02
1.32704E+01	1.16847E+01	1.20969E+01	2.37190E+00	1.28237E+02
1.32515E+01	1.16681E+01	1.20797E+01	2.36852E+00	1.28883E+02
1.32326E+01	1.16515E+01	1.20625E+01	2.36514E+00	1.29529E+02
1.32137E+01	1.16348E+01	1.20452E+01	2.36176E+00	1.30176E+02
1.31948E+01	1.16182E+01	1.20280E+01	2.35839E+00	1.30822E+02
1.31759E+01	1.16016E+01	1.20107E+01	2.35501E+00	1.31468E+02
1.31570E+01	1.15850E+01	1.19935E+01	2.35163E+00	1.32115E+02
1.31381E+01	1.15684E+01	1.19762E+01	2.34825E+00	1.32761E+02
1.31193E+01	1.15517E+01	1.19590E+01	2.34487E+00	1.33407E+02
1.31004E+01	1.15351E+01	1.19418E+01	2.34149E+00	1.34054E+02
1.30815E+01	1.15185E+01	1.19245E+01	2.33812E+00	1.34700E+02
1.30626E+01	1.15019E+01	1.19073E+01	2.33474E+00	1.35346E+02
1.30437E+01	1.14853E+01	1.18900E+01	2.33136E+00	1.35993E+02
1.30248E+01	1.14686E+01	1.18728E+01	2.32798E+00	1.36639E+02
1.30059E+01	1.14520E+01	1.18556E+01	2.32460E+00	1.37286E+02
1.29870E+01	1.14354E+01	1.18383E+01	2.32122E+00	1.37932E+02
1.29681E+01	1.14188E+01	1.18211E+01	2.31784E+00	1.38578E+02
1.29492E+01	1.14022E+01	1.18038E+01	2.31447E+00	1.39225E+02
1.29303E+01	1.13855E+01	1.17866E+01	2.31109E+00	1.39871E+02
1.29114E+01	1.13689E+01	1.17693E+01	2.30771E+00	1.40517E+02
1.28926E+01	1.13523E+01	1.17521E+01	2.30433E+00	1.41164E+02
1.28737E+01	1.13357E+01	1.17349E+01	2.30095E+00	1.41810E+02
1.28548E+01	1.13191E+01	1.17176E+01	2.29757E+00	1.42456E+02
1.28359E+01	1.13025E+01	1.17004E+01	2.29420E+00	1.43103E+02
1.28170E+01	1.12858E+01	1.16831E+01	2.29082E+00	1.43749E+02
1.27981E+01	1.12692E+01	1.16659E+01	2.28744E+00	1.44395E+02
1.27792E+01	1.12526E+01	1.16487E+01	2.28406E+00	1.45042E+02
1.27603E+01	1.12360E+01	1.16314E+01	2.28068E+00	1.45688E+02
1.27414E+01	1.12194E+01	1.16142E+01	2.27730E+00	1.46334E+02
1.27225E+01	1.12027E+01	1.15969E+01	2.27392E+00	1.46981E+02
1.27036E+01	1.11861E+01	1.15797E+01	2.27055E+00	1.47627E+02
1.26848E+01	1.11695E+01	1.15624E+01	2.26717E+00	1.48273E+02
1.26659E+01	1.11529E+01	1.15452E+01	2.26379E+00	1.48920E+02
1.26470E+01	1.11363E+01	1.15280E+01	2.26041E+00	1.49566E+02
1.26281E+01	1.11196E+01	1.15107E+01	2.25703E+00	1.50212E+02
1.26092E+01	1.11030E+01	1.14935E+01	2.25365E+00	1.50859E+02
1.25903E+01	1.10864E+01	1.14762E+01	2.25028E+00	1.51505E+02
1.25714E+01	1.10698E+01	1.14590E+01	2.24690E+00	1.52151E+02
1.25525E+01	1.10532E+01	1.14418E+01	2.24352E+00	1.52798E+02
1.25336E+01	1.10365E+01	1.14245E+01	2.24014E+00	1.53444E+02
1.25147E+01	1.10199E+01	1.14073E+01	2.23676E+00	1.54090E+02
1.24958E+01	1.10033E+01	1.13900E+01	2.23338E+00	1.54737E+02
1.24770E+01	1.09867E+01	1.13728E+01	2.23001E+00	1.55383E+02
1.24581E+01	1.09701E+01	1.13556E+01	2.22663E+00	1.56029E+02
1.24392E+01	1.09535E+01	1.13383E+01	2.22325E+00	1.56676E+02
1.24203E+01	1.09368E+01	1.13211E+01	2.21987E+00	1.57322E+02
1.24014E+01	1.09202E+01	1.13038E+01	2.21649E+00	1.57968E+02
1.23825E+01	1.09036E+01	1.12866E+01	2.21311E+00	1.58615E+02
1.23636E+01	1.08870E+01	1.12693E+01	2.20973E+00	1.59261E+02
1.23447E+01	1.08704E+01	1.12521E+01	2.20636E+00	1.59907E+02
1.23258E+01	1.08537E+01	1.12349E+01	2.20298E+00	1.60554E+02
1.23069E+01	1.08371E+01	1.12176E+01	2.19960E+00	1.61200E+02
1.22880E+01	1.08205E+01	1.12004E+01	2.19622E+00	1.61847E+02
1.22691E+01	1.08039E+01	1.11831E+01	2.19284E+00	1.62493E+02
1.22503E+01	1.07873E+01	1.11659E+01	2.18946E+00	1.63139E+02
1.22314E+01	1.07706E+01	1.11487E+01	2.18609E+00	1.63786E+02
1.22125E+01	1.07540E+01	1.11314E+01	2.18271E+00	1.64432E+02
1.21936E+01	1.07374E+01	1.11142E+01	2.17933E+00	1.65078E+02
1.21747E+01	1.07208E+01	1.10969E+01	2.17595E+00	1.65725E+02
1.21558E+01	1.07042E+01	1.10797E+01	2.17257E+00	1.66371E+02
1.21369E+01	1.06875E+01	1.10624E+01	2.16919E+00	1.67017E+02
1.21180E+01	1.06709E+01	1.10452E+01	2.16582E+00	1.67664E+02
1.20991E+01	1.06543E+01	1.10280E+01	2.16244E+00	1.68310E+02
1.20802E+01	1.06377E+01	1.10107E+01	2.15906E+00	1.68956E+02
1.20613E+01	1.06211E+01	1.09935E+01	2.15568E+00	1.69603E+02
1.20425E+01	1.06045E+01	1.09762E+01	2.15230E+00	1.70249E+02
1.20236E+01	1.05878E+01	1.09590E+01	2.14892E+00	1.70895E+02
1.20047E+01	1.05712E+01	1.09418E+01	2.14554E+00	1.71542E+02
1.19858E+01	1.05546E+01	1.09245E+01	2.14217E+00	1.72188E+02
1.19669E+01	1.05380E+01	1.09073E+01	2.13879E+00	1.72834E+02
1.19480E+01	1.05214E+01	1.08900E+01	2.13541E+00	1.73481E+02
1.19291E+01	1.05047E+01	1.08728E+01	2.13203E+00	1.74127E+02
1.19102E+01	1.04881E+01	1.08556E+01	2.12865E+00	1.74773E+02
1.18913E+01	1.04715E+01	1.08383E+01	2.12527E+00	1.75420E+02
1.18724E+01	1.04549E+01	1.08211E+01	2.12190E+00	1.76066E+02
1.18535E+01	1.04383E+01	1.08038E+01	2.11852E+00	1.76712E+02
1.18347E+01	1.04216E+01	1.07866E+01	2.11514E+00	1.77359E+02
1.18158E+01	1.04050E+01	1.07693E+01	2.11176E+00	1.78005E+02
1.17969E+01	1.03884E+01	1.07521E+01	2.10838E+00	1.78651E+02
1.17780E+01	1.03718E+01	1.07349E+01	2.10500E+00	1.79298E+02
1.17591E+01	1.03552E+01	1.07176E+01	2.10162E+00	1.79944E+02
1.17402E+01	1.03385E+01	1.07004E+01	2.09825E+00	1.80590E+02
1.17213E+01	1.03219E+01	1.06831E+01	2.09487E+00	1.81237E+02
1.17024E+01	1.03053E+01	1.06659E+01	2.09149E+00	1.81883E+02
1.16835E+01	1.02887E+01	1.06487E+01	2.08811E+00	1.82529E+02
1.16646E+01	1.02721E+01	1.06314E+01	2.08473E+00	1.83176E+02
1.16457E+01	1.02555E+01	1.06142E+01	2.08135E+00	1.83822E+02
1.16268E+01	1.02388E+01	1.05969E+01	2.07798E+00	1.84468E+02
1.16080E+01	1.02222E+01	1.05797E+01	2.07460E+00	1.85115E+02
1.15891E+01	1.02056E+01	1.05624E+01	2.07122E+00	1.85761E+02
1.15702E+01	1.01890E+01	1.05452E+01	2.06784E+00	1.86407E+02
1.15513E+01	1.01724E+01	1.05280E+01	2.06446E+00	1.87054E+02
1.15324E+01	1.01557E+01	1.05107E+01	2.06108E+00	1.87700E+02
1.15135E+01	1.01391E+01	1.04935E+01	2.05771E+00	1.88347E+02
1.14946E+01	1.01225E+01	1.04762E+01	2.05433E+00	1.88993E+02
1.14757E+01	1.01059E+01	1.04590E+01	2.05095E+00	1.89639E+02
1.14568E+01	1.00893E+01	1.04418E+01	2.04757E+00	1.90286E+02
1.14379E+01	1.00726E+01	1.04245E+01	2.04419E+00	1.90932E+02
1.14190E+01	1.00560E+01	1.04073E+01	2.04081E+00	1.91578E+02
1.14002E+01	1.00394E+01	1.03900E+01	2.03743E+00	1.92225E+02
1.13813E+01	1.00228E+01	1.03728E+01	2.03406E+00	1.92871E+02
1.13624E+01	1.00062E+01	1.03556E+01	2.03068E+00	1.93517E+02
1.13435E+01	9.98955E+00	1.03383E+01	2.02730E+00	1.94164E+02
1.13246E+01	9.97293E+00	1.03211E+01	2.02392E+00	1.94810E+02
1.13057E+01	9.95631E+00	1.03038E+01	2.02054E+00	1.95456E+02
1.12868E+01	9.93969E+00	1.02866E+01	2.01716E+00	1.96103E+02
1.12679E+01	9.92307E+00	1.02693E+01	2.01379E+00	1.96749E+02
1.12490E+01	9.90646E+00	1.02521E+01	2.01041E+00	1.97395E+02
1.12301E+01	9.88984E+00	1.02349E+01	2.00703E+00	1.98042E+02
1.12112E+01	9.87322E+00	1.02176E+01	2.00365E+00	1.98688E+02
1.11924E+01	9.85660E+00	1.02004E+01	2.00027E+00	1.99334E+02
1.11735E+01	9.83998E+00	1.01831E+01	1.99689E+00	1.99981E+02
1.11546E+01	9.82336E+00	1.01659E+01	1.99352E+00	2.00627E+02
1.11357E+01	9.80674E+00	1.01487E+01	1.99014E+00	2.01273E+02
1.11168E+01	9.79012E+00	1.01314E+01	1.98676E+00	2.01920E+02
1.10979E+01	9.77350E+00	1.01142E+01	1.98338E+00	2.02566E+02
1.10790E+01	9.75688E+00	1.00969E+01	1.98000E+00	2.03212E+02
1.10601E+01	9.74027E+00	1.00797E+01	1.97662E+00	2.03859E+02
1.10412E+01	9.72365E+00	1.00624E+01	1.97324E+00	2.04505E+02
1.10223E+01	9.70703E+00	1.00452E+01	1.96987E+00	2.05151E+02
1.10034E+01	9.69041E+00	1.00280E+01	1.96649E+00	2.05798E+02
1.09845E+01	9.67379E+00	1.00107E+01	1.96311E+00	2.06444E+02
1.09657E+01	9.65717E+00	9.99348E+00	1.95973E+00	2.07090E+02
1.09468E+01	9.64055E+00	9.97624E+00	1.95635E+00	2.07737E+02
1.09279E+01	9.62393E+00	9.95900E+00	1.95297E+00	2.08383E+02
1.09090E+01	9.60731E+00	9.94176E+00	1.94960E+00	2.09029E+02
1.08901E+01	9.59069E+00	9.92452E+00	1.94622E+00	2.09676E+02
1.08712E+01	9.57408E+00	9.90728E+00	1.94284E+00	2.10322E+02
1.08523E+01	9.55746E+00	9.89003E+00	1.93946E+00	2.10968E+02
1.08334E+01	9.54084E+00	9.87279E+00	1.93608E+00	2.11615E+02
1.08145E+01	9.52422E+00	9.85555E+00	1.93270E+00	2.12261E+02
1.07956E+01	9.50760E+00	9.83831E+00	1.92933E+00	2.12908E+02
1.07767E+01	9.49098E+00	9.82107E+00	1.92595E+00	2.13554E+02
1.07579E+01	9.47436E+00	9.80383E+00	1.92257E+00	2.14200E+02
1.07390E+01	9.45774E+00	9.78659E+00	1.91919E+00	2.14847E+02
1.07201E+01	9.44112E+00	9.76934E+00	1.91581E+00	2.15493E+02
1.07012E+01	9.42450E+00	9.75210E+00	1.91243E+00	2.16139E+02
1.06823E+01	9.40789E+00	9.73486E+00	1.90905E+00	2.16786E+02
1.06634E+01	9.39127E+00	9.71762E+00	1.90568E+00	2.17432E+02
1.06445E+01	9.37465E+00	9.70038E+00	1.90230E+00	2.18078E+02
1.06256E+01	9.35803E+00	9.68314E+00	1.89892E+00	2.18725E+02
1.06067E+01	9.34141E+00	9.66590E+00	1.89554E+00	2.19371E+02
1.05878E+01	9.32479E+00	9.64865E+00	1.89216E+00	2.20017E+02
1.05689E+01	9.30817E+00	9.63141E+00	1.88878E+00	2.20664E+02
1.05500E+01	9.29155E+00	9.61417E+00	1.88541E+00	2.21310E+02
1.05312E+01	9.27493E+00	9.59693E+00	1.88203E+00	2.21956E+02
1.05123E+01	9.25831E+00	9.57969E+00	1.87865E+00	2.22603E+02
1.04934E+01	9.24170E+00	9.56245E+00	1.87527E+00	2.23249E+02
1.04745E+01	9.22508E+00	9.54521E+00	1.87189E+00	2.23895E+02
1.04556E+01	9.20846E+00	9.52796E+00	1.86851E+00	2.24542E+02
1.04367E+01	9.19184E+00	9.51072E+00	1.86513E+00	2.25188E+02
1.04178E+01	9.17522E+00	9.49348E+00	1.86176E+00	2.25834E+02
1.03989E+01	9.15860E+00	9.47624E+00	1.85838E+00	2.26481E+02
1.03800E+01	9.14198E+00	9.45900E+00	1.85500E+00	2.27127E+02
1.03611E+01	9.12536E+00	9.44176E+00	1.85162E+00	2.27773E+02
1.03422E+01	9.10874E+00	9.42452E+00	1.84824E+00	2.28420E+02
1.03234E+01	9.09212E+00	9.40727E+00	1.84486E+00	2.29066E+02
1.03045E+01	9.07551E+00	9.39003E+00	1.84149E+00	2.29712E+02
1.02856E+01	9.05889E+00	9.37279E+00	1.83811E+00	2.30359E+02
1.02667E+01	9.04227E+00	9.35555E+00	1.83473E+00	2.31005E+02
1.02478E+01	9.02565E+00	9.33831E+00	1.83135E+00	2.31651E+02
1.02289E+01	9.00903E+00	9.32107E+00	1.82797E+00	2.32298E+02
1.02100E+01	8.99241E+00	9.30383E+00	1.82459E+00	2.32944E+02
1.01911E+01	8.97579E+00	9.28658E+00	1.82122E+00	2.33590E+02
1.01722E+01	8.95917E+00	9.26934E+00	1.81784E+00	2.34237E+02
1.01533E+01	8.94255E+00	9.25210E+00	1.81446E+00	2.34883E+02
1.01344E+01	8.92593E+00	9.23486E+00	1.81108E+00	2.35529E+02
1.01156E+01	8.90932E+00	9.21762E+00	1.80770E+00	2.36176E+02
1.00967E+01	8.89270E+00	9.20038E+00	1.80432E+00	2.36822E+02
1.00778E+01	8.87608E+00	9.18314E+00	1.80094E+00	2.37469E+02
1.00589E+01	8.85946E+00	9.16589E+00	1.79757E+00	2.38115E+02
1.00400E+01	8.84284E+00	9.14865E+00	1.79419E+00	2.38761E+02
1.00211E+01	8.82622E+00	9.13141E+00	1.79081E+00	2.39408E+02
1.00022E+01	8.80960E+00	9.11417E+00	1.78743E+00	2.40054E+02
9.98331E+00	8.79298E+00	9.09693E+00	1.78405E+00	2.40700E+02
9.96442E+00	8.77636E+00	9.07969E+00	1.78067E+00	2.41347E+02
9.94553E+00	8.75974E+00	9.06245E+00	1.77730E+00	2.41993E+02
9.92664E+00	8.74313E+00	9.04521E+00	1.77392E+00	2.42639E+02
9.90775E+00	8.72651E+00	9.02796E+00	1.77054E+00	2.43286E+02
9.88886E+00	8.70989E+00	9.01072E+00	1.76716E+00	2.43932E+02
9.86997E+00	8.69327E+00	8.99348E+00	1.76378E+00	2.44578E+02
9.85108E+00	8.67665E+00	8.97624E+00	1.76040E+00	2.45225E+02
9.83218E+00	8.66003E+00	8.95900E+00	1.75703E+00	2.45871E+02
9.81329E+00	8.64341E+00	8.94176E+00	1.75365E+00	2.46517E+02
9.79440E+00	8.62679E+00	8.92452E+00	1.75027E+00	2.47164E+02
9.77551E+00	8.61017E+00	8.90727E+00	1.74689E+00	2.47810E+02
9.75662E+00	8.59355E+00	8.89003E+00	1.74351E+00	2.48456E+02
9.73773E+00	8.57694E+00	8.87279E+00	1.74013E+00	2.49103E+02
9.71884E+00	8.56032E+00	8.85555E+00	1.73675E+00	2.49749E+02
9.69995E+00	8.54370E+00	8.83831E+00	1.73338E+00	2.50395E+02
9.68105E+00	8.52708E+00	8.82107E+00	1.73000E+00	2.51042E+02
9.66216E+00	8.51046E+00	8.80383E+00	1.72662E+00	2.51688E+02
9.64327E+00	8.49384E+00	8.78658E+00	1.72324E+00	2.52334E+02
9.62438E+00	8.47722E+00	8.76934E+00	1.71986E+00	2.52981E+02
9.60549E+00	8.46060E+00	8.75210E+00	1.71648E+00	2.53627E+02
9.58660E+00	8.44398E+00	8.73486E+00	1.71311E+00	2.54273E+02
9.56771E+00	8.42736E+00	8.71762E+00	1.70973E+00	2.54920E+02
9.54882E+00	8.41075E+00	8.70038E+00	1.70635E+00	2.55566E+02
9.52992E+00	8.39413E+00	8.68314E+00	1.70297E+00	2.56212E+02
9.51103E+00	8.37751E+00	8.66589E+00	1.69959E+00	2.56859E+02
9.49214E+00	8.36089E+00	8.64865E+00	1.69621E+00	2.57505E+02
9.47325E+00	8.34427E+00	8.63141E+00	1.69283E+00	2.58151E+02
9.45436E+00	8.32765E+00	8.61417E+00	1.68946E+00	2.58798E+02
9.43547E+00	8.31103E+00	8.59693E+00	1.68608E+00	2.59444E+02
9.41658E+00	8.29441E+00	8.57969E+00	1.68270E+00	2.60090E+02
9.39769E+00	8.27779E+00	8.56245E+00	1.67932E+00	2.60737E+02
9.37880E+00	8.26117E+00	8.54520E+00	1.67594E+00	2.61383E+02
9.35990E+00	8.24456E+00	8.52796E+00	1.67256E+00	2.62030E+02
9.34101E+00	8.22794E+00	8.51072E+00	1.66919E+00	2.62676E+02
9.32212E+00	8.21132E+00	8.49348E+00	1.66581E+00	2.63322E+02
9.30323E+00	8.19470E+00	8.47624E+00	1.66243E+00	2.63969E+02
9.28434E+00	8.17808E+00	8.45900E+00	1.65905E+00	2.64615E+02
9.26545E+00	8.16146E+00	8.44176E+00	1.65567E+00	2.65261E+02
9.24656E+00	8.14484E+00	8.42451E+00	1.65229E+00	2.65908E+02
9.22767E+00	8.12822E+00	8.40727E+00	1.64892E+00	2.66554E+02
9.20877E+00	8.11160E+00	8.39003E+00	1.64554E+00	2.67200E+02
9.18988E+00	8.09498E+00	8.37279E+00	1.64216E+00	2.67847E+02
9.17099E+00	8.07837E+00	8.35555E+00	1.63878E+00	2.68493E+02
9.15210E+00	8.06175E+00	8.33831E+00	1.63540E+00	2.69139E+02
9.13321E+00	8.04513E+00	8.32107E+00	1.63202E+00	2.69786E+02
9.11432E+00	8.02851E+00	8.30382E+00	1.62864E+00	2.70432E+02
9.09543E+00	8.01189E+00	8.28658E+00	1.62527E+00	2.71078E+02
9.07654E+00	7.99527E+00	8.26934E+00	1.62189E+00	2.71725E+02
9.05764E+00	7.97865E+00	8.25210E+00	1.61851E+00	2.72371E+02
9.03875E+00	7.96203E+00	8.23486E+00	1.61513E+00	2.73017E+02
9.01986E+00	7.94541E+00	8.21762E+00	1.61175E+00	2.73664E+02
9.00097E+00	7.92879E+00	8.20038E+00	1.60837E+00	2.74310E+02
8.98208E+00	7.91218E+00	8.18314E+00	1.60500E+00	2.74956E+02
8.96319E+00	7.89556E+00	8.16589E+00	1.60162E+00	2.75603E+02
8.94430E+00	7.87894E+00	8.14865E+00	1.59824E+00	2.76249E+02
8.92541E+00	7.86232E+00	8.13141E+00	1.59486E+00	2.76895E+02
8.90652E+00	7.84570E+00	8.11417E+00	1.59148E+00	2.77542E+02
8.88762E+00	7.82908E+00	8.09693E+00	1.58810E+00	2.78188E+02
8.86873E+00	7.81246E+00	8.07969E+00	1.58473E+00	2.78834E+02
8.84984E+00	7.79584E+00	8.06245E+00	1.58135E+00	2.79481E+02
8.83095E+00	7.77922E+00	8.04520E+00	1.57797E+00	2.80127E+02
8.81206E+00	7.76260E+00	8.02796E+00	1.57459E+00	2.80773E+02
8.79317E+00	7.74599E+00	8.01072E+00	1.57121E+00	2.81420E+02
8.77428E+00	7.72937E+00	7.99348E+00	1.56783E+00	2.82066E+02
8.75539E+00	7.71275E+00	7.97624E+00	1.56445E+00	2.82712E+02
8.73649E+00	7.69613E+00	7.95900E+00	1.56108E+00	2.83359E+02
8.71760E+00	7.67951E+00	7.94176E+00	1.55770E+00	2.84005E+02
8.69871E+00	7.66289E+00	7.92451E+00	1.55432E+00	2.84651E+02
8.67982E+00	7.64627E+00	7.90727E+00	1.55094E+00	2.85298E+02
8.66093E+00	7.62965E+00	7.89003E+00	1.54756E+00	2.85944E+02
8.64204E+00	7.61303E+00	7.87279E+00	1.54418E+00	2.86591E+02
8.62315E+00	7.59641E+00	7.85555E+00	1.54081E+00	2.87237E+02
8.60426E+00	7.57980E+00	7.83831E+00	1.53743E+00	2.87883E+02
8.58536E+00	7.56318E+00	7.82107E+00	1.53405E+00	2.88530E+02
8.56647E+00	7.54656E+00	7.80382E+00	1.53067E+00	2.89176E+02
8.54758E+00	7.52994E+00	7.78658E+00	1.52729E+00	2.89822E+02
8.52869E+00	7.51332E+00	7.76934E+00	1.52391E+00	2.90469E+02
8.50980E+00	7.49670E+00	7.75210E+00	1.52054E+00	2.91115E+02
8.49091E+00	7.48008E+00	7.73486E+00	1.51716E+00	2.91761E+02
8.47202E+00	7.46346E+00	7.71762E+00	1.51378E+00	2.92408E+02
8.45313E+00	7.44684E+00	7.70038E+00	1.51040E+00	2.93054E+02
8.43424E+00	7.43022E+00	7.68313E+00	1.50702E+00	2.93700E+02
8.41534E+00	7.41361E+00	7.66589E+00	1.50364E+00	2.94347E+02
8.39645E+00	7.39699E+00	7.64865E+00	1.50026E+00	2.94993E+02
8.37756E+00	7.38037E+00	7.63141E+00	1.49689E+00	2.95639E+02
8.35867E+00	7.36375E+00	7.61417E+00	1.49351E+00	2.96286E+02
8.33978E+00	7.34713E+00	7.59693E+00	1.49013E+00	2.96932E+02
8.32089E+00	7.33051E+00	7.57969E+00	1.48675E+00	2.97578E+02
8.30200E+00	7.31389E+00	7.56244E+00	1.48337E+00	2.98225E+02
8.28311E+00	7.29727E+00	7.54520E+00	1.47999E+00	2.98871E+02
8.26421E+00	7.28065E+00	7.52796E+00	1.47662E+00	2.99517E+02
8.24532E+00	7.26403E+00	7.51072E+00	1.47324E+00	3.00164E+02
8.22643E+00	7.24742E+00	7.49348E+00	1.46986E+00	3.00810E+02
8.20754E+00	7.23080E+00	7.47624E+00	1.46648E+00	3.01456E+02
8.18865E+00	7.21418E+00	7.45900E+00	1.46310E+00	3.02103E+02
8.16976E+00	7.19756E+00	7.44175E+00	1.45972E+00	3.02749E+02
8.15087E+00	7.18094E+00	7.42451E+00	1.45634E+00	3.03395E+02
8.13198E+00	7.16432E+00	7.40727E+00	1.45297E+00	3.04042E+02
8.11308E+00	7.14770E+00	7.39003E+00	1.44959E+00	3.04688E+02
8.09419E+00	7.13108E+00	7.37279E+00	1.44621E+00	3.05334E+02
8.07530E+00	7.11446E+00	7.35555E+00	1.44283E+00	3.05981E+02
8.05641E+00	7.09784E+00	7.33831E+00	1.43945E+00	3.06627E+02
8.03752E+00	7.08123E+00	7.32107E+00	1.43607E+00	3.07273E+02
8.01863E+00	7.06461E+00	7.30382E+00	1.43270E+00	3.07920E+02
7.99974E+00	7.04799E+00	7.28658E+00	1.42932E+00	3.08566E+02
7.98085E+00	7.03137E+00	7.26934E+00	1.42594E+00	3.09212E+02
7.96196E+00	7.01475E+00	7.25210E+00	1.42256E+00	3.09859E+02
7.94306E+00	6.99813E+00	7.23486E+00	1.41918E+00	3.10505E+02
7.92417E+00	6.98151E+00	7.21762E+00	1.41580E+00	3.11152E+02
7.90528E+00	6.96489E+00	7.20038E+00	1.41243E+00	3.11798E+02
7.88639E+00	6.94827E+00	7.18313E+00	1.40905E+00	3.12444E+02
7.86750E+00	6.93165E+00	7.16589E+00	1.40567E+00	3.13091E+02
7.84861E+00	6.91504E+00	7.14865E+00	1.40229E+00	3.13737E+02
7.82972E+00	6.89842E+00	7.13141E+00	1.39891E+00	3.14383E+02
7.81083E+00	6.88180E+00	7.11417E+00	1.39553E+00	3.15030E+02
7.79193E+00	6.86518E+00	7.09693E+00	1.39215E+00	3.15676E+02
7.77304E+00	6.84856E+00	7.07969E+00	1.38878E+00	3.16322E+02
7.75415E+00	6.83194E+00	7.06244E+00	1.38540E+00	3.16969E+02
7.73526E+00	6.81532E+00	7.04520E+00	1.38202E+00	3.17615E+02
7.71637E+00	6.79870E+00	7.02796E+00	1.37864E+00	3.18261E+02
7.69748E+00	6.78208E+00	7.01072E+00	1.37526E+00	3.18908E+02
7.67859E+00	6.76546E+00	6.99348E+00	1.37188E+00	3.19554E+02
7.65970E+00	6.74885E+00	6.97624E+00	1.36851E+00	3.20200E+02
7.64080E+00	6.73223E+00	6.95900E+00	1.36513E+00	3.20847E+02
7.62191E+00	6.71561E+00	6.94175E+00	1.36175E+00	3.21493E+02
7.60302E+00	6.69899E+00	6.92451E+00	1.35837E+00	3.22139E+02
7.58413E+00	6.68237E+00	6.90727E+00	1.35499E+00	3.22786E+02
7.56524E+00	6.66575E+00	6.89003E+00	1.35161E+00	3.23432E+02
7.54635E+00	6.64913E+00	6.87279E+00	1.34824E+00	3.24078E+02
7.52746E+00	6.63251E+00	6.85555E+00	1.34486E+00	3.24725E+02
7.50857E+00	6.61589E+00	6.83831E+00	1.34148E+00	3.25371E+02
7.48968E+00	6.59927E+00	6.82106E+00	1.33810E+00	3.26017E+02
7.47078E+00	6.58266E+00	6.80382E+00	1.33472E+00	3.26664E+02
7.45189E+00	6.56604E+00	6.78658E+00	1.33134E+00	3.27310E+02
7.43300E+00	6.54942E+00	6.76934E+00	1.32796E+00	3.27956E+02
7.41411E+00	6.53280E+00	6.75210E+00	1.32459E+00	3.28603E+02
7.39522E+00	6.51618E+00	6.73486E+00	1.32121E+00	3.29249E+02
7.37633E+00	6.49956E+00	6.71762E+00	1.31783E+00	3.29895E+02
7.35744E+00	6.48294E+00	6.70037E+00	1.31445E+00	3.30542E+02
7.33855E+00	6.46632E+00	6.68313E+00	1.31107E+00	3.31188E+02
7.31965E+00	6.44970E+00	6.66589E+00	1.30769E+00	3.31834E+02
7.30076E+00	6.43308E+00	6.64865E+00	1.30432E+00	3.32481E+02
7.28187E+00	6.41647E+00	6.63141E+00	1.30094E+00	3.33127E+02
7.26298E+00	6.39985E+00	6.61417E+00	1.29756E+00	3.33773E+02
7.24409E+00	6.38323E+00	6.59693E+00	1.29418E+00	3.34420E+02
7.22520E+00	6.36661E+00	6.57968E+00	1.29080E+00	3.35066E+02
7.20631E+00	6.34999E+00	6.56244E+00	1.28742E+00	3.35712E+02
7.18742E+00	6.33337E+00	6.54520E+00	1.28404E+00	3.36359E+02
7.16852E+00	6.31675E+00	6.52796E+00	1.28067E+00	3.37005E+02
7.14963E+00	6.30013E+00	6.51072E+00	1.27729E+00	3.37652E+02
7.13074E+00	6.28351E+00	6.49348E+00	1.27391E+00	3.38298E+02
7.11185E+00	6.26689E+00	6.47624E+00	1.27053E+00	3.38944E+02
7.09296E+00	6.25028E+00	6.45900E+00	1.26715E+00	3.39591E+02
7.07407E+00	6.23366E+00	6.44175E+00	1.26377E+00	3.40237E+02
7.05518E+00	6.21704E+00	6.42451E+00	1.26040E+00	3.40883E+02
7.03629E+00	6.20042E+00	6.40727E+00	1.25702E+00	3.41530E+02
7.01740E+00	6.18380E+00	6.39003E+00	1.25364E+00	3.42176E+02
6.99850E+00	6.16718E+00	6.37279E+00	1.25026E+00	3.42822E+02
6.97961E+00	6.15056E+00	6.35555E+00	1.24688E+00	3.43469E+02
6.96072E+00	6.13394E+00	6.33831E+00	1.24350E+00	3.44115E+02
6.94183E+00	6.11732E+00	6.32106E+00	1.24013E+00	3.44761E+02
6.92294E+00	6.10070E+00	6.30382E+00	1.23675E+00	3.45408E+02
6.90405E+00	6.08409E+00	6.28658E+00	1.23337E+00	3.46054E+02
6.88516E+00	6.06747E+00	6.26934E+00	1.22999E+00	3.46700E+02
6.86627E+00	6.05085E+00	6.25210E+00	1.22661E+00	3.47347E+02
6.84737E+00	6.03423E+00	6.23486E+00	1.22323E+00	3.47993E+02
6.82848E+00	6.01761E+00	6.21762E+00	1.21985E+00	3.48639E+02
6.80959E+00	6.00099E+00	6.20037E+00	1.21648E+00	3.49286E+02
6.79070E+00	5.98437E+00	6.18313E+00	1.21310E+00	3.49932E+02
6.77181E+00	5.96775E+00	6.16589E+00	1.20972E+00	3.50578E+02
6.75292E+00	5.95113E+00	6.14865E+00	1.20634E+00	3.51225E+02
6.73403E+00	5.93451E+00	6.13141E+00	1.20296E+00	3.51871E+02
6.71514E+00	5.91790E+00	6.11417E+00	1.19958E+00	3.52517E+02
6.69624E+00	5.90128E+00	6.09693E+00	1.19621E+00	3.53164E+02
6.67735E+00	5.88466E+00	6.07968E+00	1.19283E+00	3.53810E+02
6.65846E+00	5.86804E+00	6.06244E+00	1.18945E+00	3.54456E+02
6.63957E+00	5.85142E+00	6.04520E+00	1.18607E+00	3.55103E+02
6.62068E+00	5.83480E+00	6.02796E+00	1.18269E+00	3.55749E+02
6.60179E+00	5.81818E+00	6.01072E+00	1.17931E+00	3.56395E+02
6.58290E+00	5.80156E+00	5.99348E+00	1.17594E+00	3.57042E+02
6.56401E+00	5.78494E+00	5.97624E+00	1.17256E+00	3.57688E+02
6.54512E+00	5.76832E+00	5.95899E+00	1.16918E+00	3.58334E+02
6.52622E+00	5.75171E+00	5.94175E+00	1.16580E+00	3.58981E+02
6.50733E+00	5.73509E+00	5.92451E+00	1.16242E+00	3.59627E+02
6.48844E+00	5.71847E+00	5.90727E+00	1.15904E+00	3.60273E+02
6.46955E+00	5.70185E+00	5.89003E+00	1.15566E+00	3.60920E+02
6.45066E+00	5.68523E+00	5.87279E+00	1.15229E+00	3.61566E+02
6.43177E+00	5.66861E+00	5.85555E+00	1.14891E+00	3.62213E+02
6.41288E+00	5.65199E+00	5.83830E+00	1.14553E+00	3.62859E+02
6.39399E+00	5.63537E+00	5.82106E+00	1.14215E+00	3.63505E+02
6.37509E+00	5.61875E+00	5.80382E+00	1.13877E+00	3.64152E+02
6.35620E+00	5.60213E+00	5.78658E+00	1.13539E+00	3.64798E+02
6.33731E+00	5.58552E+00	5.76934E+00	1.13202E+00	3.65444E+02
6.31842E+00	5.56890E+00	5.75210E+00	1.12864E+00	3.66091E+02
6.29953E+00	5.55228E+00	5.73486E+00	1.12526E+00	3.66737E+02
6.28064E+00	5.53566E+00	5.71761E+00	1.12188E+00	3.67383E+02
6.26175E+00	5.51904E+00	5.70037E+00	1.11850E+00	3.68030E+02
6.24286E+00	5.50242E+00	5.68313E+00	1.11512E+00	3.68676E+02
6.22396E+00	5.48580E+00	5.66589E+00	1.11174E+00	3.69322E+02
6.20507E+00	5.46918E+00	5.64865E+00	1.10837E+00	3.69969E+02
6.18618E+00	5.45256E+00	5.63141E+00	1.10499E+00	3.70615E+02
6.16729E+00	5.43594E+00	5.61417E+00	1.10161E+00	3.71261E+02
6.14840E+00	5.41933E+00	5.59693E+00	1.09823E+00	3.71908E+02
6.12951E+00	5.40271E+00	5.57968E+00	1.09485E+00	3.72554E+02
6.11062E+00	5.38609E+00	5.56244E+00	1.09147E+00	3.73200E+02
6.09173E+00	5.36947E+00	5.54520E+00	1.08810E+00	3.73847E+02
6.07284E+00	5.35285E+00	5.52796E+00	1.08472E+00	3.74493E+02
6.05394E+00	5.33623E+00	5.51072E+00	1.08134E+00	3.75139E+02
6.03505E+00	5.31961E+00	5.49348E+00	1.07796E+00	3.75786E+02
6.01616E+00	5.30299E+00	5.47624E+00	1.07458E+00	3.76432E+02
5.99727E+00	5.28637E+00	5.45899E+00	1.07120E+00	3.77078E+02
5.97838E+00	5.26975E+00	5.44175E+00	1.06783E+00	3.77725E+02
5.95949E+00	5.25314E+00	5.42451E+00	1.06445E+00	3.78371E+02
5.94060E+00	5.23652E+00	5.40727E+00	1.06107E+00	3.79017E+02
5.92171E+00	5.21990E+00	5.39003E+00	1.05769E+00	3.79664E+02
5.90281E+00	5.20328E+00	5.37279E+00	1.05431E+00	3.80310E+02
5.88392E+00	5.18666E+00	5.35555E+00	1.05093E+00	3.80956E+02
5.86503E+00	5.17004E+00	5.33830E+00	1.04755E+00	3.81603E+02
5.84614E+00	5.15342E+00	5.32106E+00	1.04418E+00	3.82249E+02
5.82725E+00	5.13680E+00	5.30382E+00	1.04080E+00	3.82895E+02
5.80836E+00	5.12018E+00	5.28658E+00	1.03742E+00	3.83542E+02
5.78947E+00	5.10356E+00	5.26934E+00	1.03404E+00	3.84188E+02
5.77058E+00	5.08695E+00	5.25210E+00	1.03066E+00	3.84834E+02
5.75168E+00	5.07033E+00	5.23486E+00	1.02728E+00	3.85481E+02
5.73279E+00	5.05371E+00	5.21761E+00	1.02391E+00	3.86127E+02
5.71390E+00	5.03709E+00	5.20037E+00	1.02053E+00	3.86774E+02
5.69501E+00	5.02047E+00	5.18313E+00	1.01715E+00	3.87420E+02
5.67612E+00	5.00385E+00	5.16589E+00	1.01377E+00	3.88066E+02
5.65723E+00	4.98723E+00	5.14865E+00	1.01039E+00	3.88713E+02
5.63834E+00	4.97061E+00	5.13141E+00	1.00701E+00	3.89359E+02
5.61945E+00	4.95399E+00	5.11417E+00	1.00364E+00	3.90005E+02
5.60056E+00	4.93737E+00	5.09692E+00	1.00026E+00	3.90652E+02
5.58166E+00	4.92076E+00	5.07968E+00	9.96878E-01	3.91298E+02
5.56277E+00	4.90414E+00	5.06244E+00	9.93500E-01	3.91944E+02
5.54388E+00	4.88752E+00	5.04520E+00	9.90121E-01	3.92591E+02
5.52499E+00	4.87090E+00	5.02796E+00	9.86743E-01	3.93237E+02
5.50610E+00	4.85428E+00	5.01072E+00	9.83365E-01	3.93883E+02
5.48721E+00	4.83766E+00	4.99348E+00	9.79986E-01	3.94530E+02
5.46832E+00	4.82104E+00	4.97623E+00	9.76608E-01	3.95176E+02
5.44943E+00	4.80442E+00	4.95899E+00	9.73229E-01	3.95822E+02
5.43053E+00	4.78780E+00	4.94175E+00	9.69851E-01	3.96469E+02
5.41164E+00	4.77118E+00	4.92451E+00	9.66472E-01	3.97115E+02
5.39275E+00	4.75457E+00	4.90727E+00	9.63094E-01	3.97761E+02
5.37386E+00	4.73795E+00	4.89003E+00	9.59716E-01	3.98408E+02
5.35497E+00	4.72133E+00	4.87279E+00	9.56337E-01	3.99054E+02
5.33608E+00	4.70471E+00	4.85554E+00	9.52959E-01	3.99700E+02
5.31719E+00	4.68809E+00	4.83830E+00	9.49580E-01	4.00347E+02
5.29830E+00	4.67147E+00	4.82106E+00	9.46202E-01	4.00993E+02
5.27940E+00	4.65485E+00	4.80382E+00	9.42823E-01	4.01639E+02
5.26051E+00	4.63823E+00	4.78658E+00	9.39445E-01	4.02286E+02
5.24162E+00	4.62161E+00	4.76934E+00	9.36067E-01	4.02932E+02
5.22273E+00	4.60499E+00	4.75210E+00	9.32688E-01	4.03578E+02
5.20384E+00	4.58838E+00	4.73486E+00	9.29310E-01	4.04225E+02
5.18495E+00	4.57176E+00	4.71761E+00	9.25931E-01	4.04871E+02
5.16606E+00	4.55514E+00	4.70037E+00	9.22553E-01	4.05517E+02
5.14717E+00	4.53852E+00	4.68313E+00	9.19174E-01	4.06164E+02
5.12828E+00	4.52190E+00	4.66589E+00	9.15796E-01	4.06810E+02
5.10938E+00	4.50528E+00	4.64865E+00	9.12418E-01	4.07456E+02
5.09049E+00	4.48866E+00	4.63141E+00	9.09039E-01	4.08103E+02
5.07160E+00	4.47204E+00	4.61417E+00	9.05661E-01	4.08749E+02
5.05271E+00	4.45542E+00	4.59692E+00	9.02282E-01	4.09395E+02
5.03382E+00	4.43880E+00	4.57968E+00	8.98904E-01	4.10042E+02
5.01493E+00	4.42219E+00	4.56244E+00	8.95525E-01	4.10688E+02
4.99604E+00	4.40557E+00	4.54520E+00	8.92147E-01	4.11335E+02
4.97715E+00	4.38895E+00	4.52796E+00	8.88769E-01	4.11981E+02
4.95825E+00	4.37233E+00	4.51072E+00	8.85390E-01	4.12627E+02
4.93936E+00	4.35571E+00	4.49348E+00	8.82012E-01	4.13274E+02
4.92047E+00	4.33909E+00	4.47623E+00	8.78633E-01	4.13920E+02
4.90158E+00	4.32247E+00	4.45899E+00	8.75255E-01	4.14566E+02
4.88269E+00	4.30585E+00	4.44175E+00	8.71876E-01	4.15213E+02
4.86380E+00	4.28923E+00	4.42451E+00	8.68498E-01	4.15859E+02
4.84491E+00	4.27261E+00	4.40727E+00	8.65120E-01	4.16505E+02
4.82602E+00	4.25600E+00	4.39003E+00	8.61741E-01	4.17152E+02
4.80712E+00	4.23938E+00	4.37279E+00	8.58363E-01	4.17798E+02
4.78823E+00	4.22276E+00	4.35554E+00	8.54984E-01	4.18444E+02
4.76934E+00	4.20614E+00	4.33830E+00	8.51606E-01	4.19091E+02
4.75045E+00	4.18952E+00	4.32106E+00	8.48227E-01	4.19737E+02
4.73156E+00	4.17290E+00	4.30382E+00	8.44849E-01	4.20383E+02
4.71267E+00	4.15628E+00	4.28658E+00	8.41471E-01	4.21030E+02
4.69378E+00	4.13966E+00	4.26934E+00	8.38092E-01	4.21676E+02
4.67489E+00	4.12304E+00	4.25210E+00	8.34714E-01	4.22322E+02
4.65600E+00	4.10642E+00	4.23485E+00	8.31335E-01	4.22969E+02
4.63710E+00	4.08981E+00	4.21761E+00	8.27957E-01	4.23615E+02
4.61821E+00	4.07319E+00	4.20037E+00	8.24578E-01	4.24261E+02
4.59932E+00	4.05657E+00	4.18313E+00	8.21200E-01	4.24908E+02
4.58043E+00	4.03995E+00	4.16589E+00	8.17822E-01	4.25554E+02
4.56154E+00	4.02333E+00	4.14865E+00	8.14443E-01	4.26200E+02
4.54265E+00	4.00671E+00	4.13141E+00	8.11065E-01	4.26847E+02
4.52376E+00	3.99009E+00	4.11416E+00	8.07686E-01	4.27493E+02
4.50487E+00	3.97347E+00	4.09692E+00	8.04308E-01	4.28139E+02
4.48597E+00	3.95685E+00	4.07968E+00	8.00929E-01	4.28786E+02
4.46708E+00	3.94023E+00	4.06244E+00	7.97551E-01	4.29432E+02
4.44819E+00	3.92362E+00	4.04520E+00	7.94173E-01	4.30078E+02
4.42930E+00	3.90700E+00	4.02796E+00	7.90794E-01	4.30725E+02
4.41041E+00	3.89038E+00	4.01072E+00	7.87416E-01	4.31371E+02
4.39152E+00	3.87376E+00	3.99347E+00	7.84037E-01	4.32017E+02
4.37263E+00	3.85714E+00	3.97623E+00	7.80659E-01	4.32664E+02
4.35374E+00	3.84052E+00	3.95899E+00	7.77280E-01	4.33310E+02
4.33484E+00	3.82390E+00	3.94175E+00	7.73902E-01	4.33956E+02
4.31595E+00	3.80728E+00	3.92451E+00	7.70524E-01	4.34603E+02
4.29706E+00	3.79066E+00	3.90727E+00	7.67145E-01	4.35249E+02
4.27817E+00	3.77404E+00	3.89003E+00	7.63767E-01	4.35896E+02
4.25928E+00	3.75743E+00	3.87279E+00	7.60388E-01	4.36542E+02
4.24039E+00	3.74081E+00	3.85554E+00	7.57010E-01	4.37188E+02
4.22150E+00	3.72419E+00	3.83830E+00	7.53631E-01	4.37835E+02
4.20261E+00	3.70757E+00	3.82106E+00	7.50253E-01	4.38481E+02
4.18372E+00	3.69095E+00	3.80382E+00	7.46875E-01	4.39127E+02
4.16482E+00	3.67433E+00	3.78658E+00	7.43496E-01	4.39774E+02
4.14593E+00	3.65771E+00	3.76934E+00	7.40118E-01	4.40420E+02
4.12704E+00	3.64109E+00	3.75210E+00	7.36739E-01	4.41066E+02
4.10815E+00	3.62447E+00	3.73485E+00	7.33361E-01	4.41713E+02
4.08926E+00	3.60785E+00	3.71761E+00	7.29982E-01	4.42359E+02
4.07037E+00	3.59124E+00	3.70037E+00	7.26604E-01	4.43005E+02
4.05148E+00	3.57462E+00	3.68313E+00	7.23226E-01	4.43652E+02
4.03259E+00	3.55800E+00	3.66589E+00	7.19847E-01	4.44298E+02
4.01369E+00	3.54138E+00	3.64865E+00	7.16469E-01	4.44944E+02
3.99480E+00	3.52476E+00	3.63141E+00	7.13090E-01	4.45591E+02
3.97591E+00	3.50814E+00	3.61416E+00	7.09712E-01	4.46237E+02
3.95702E+00	3.49152E+00	3.59692E+00	7.06333E-01	4.46883E+02
3.93813E+00	3.47490E+00	3.57968E+00	7.02955E-01	4.47530E+02
3.91924E+00	3.45828E+00	3.56244E+00	6.99577E-01	4.48176E+02
3.90035E+00	3.44166E+00	3.54520E+00	6.96198E-01	4.48822E+02
3.88146E+00	3.42505E+00	3.52796E+00	6.92820E-01	4.49469E+02
3.86256E+00	3.40843E+00	3.51072E+00	6.89441E-01	4.50115E+02
3.84367E+00	3.39181E+00	3.49347E+00	6.86063E-01	4.50761E+02
3.82478E+00	3.37519E+00	3.47623E+00	6.82684E-01	4.51408E+02
3.80589E+00	3.35857E+00	3.45899E+00	6.79306E-01	4.52054E+02
3.78700E+00	3.34195E+00	3.44175E+00	6.75928E-01	4.52700E+02
3.76811E+00	3.32533E+00	3.42451E+00	6.72549E-01	4.53347E+02
3.74922E+00	3.30871E+00	3.40727E+00	6.69171E-01	4.53993E+02
3.73033E+00	3.29209E+00	3.39003E+00	6.65792E-01	4.54639E+02
3.71144E+00	3.27547E+00	3.37278E+00	6.62414E-01	4.55286E+02
3.69254E+00	3.25886E+00	3.35554E+00	6.59035E-01	4.55932E+02
3.67365E+00	3.24224E+00	3.33830E+00	6.55657E-01	4.56578E+02
3.65476E+00	3.22562E+00	3.32106E+00	6.52278E-01	4.57225E+02
3.63587E+00	3.20900E+00	3.30382E+00	6.48900E-01	4.57871E+02
3.61698E+00	3.19238E+00	3.28658E+00	6.45522E-01	4.58517E+02
3.59809E+00	3.17576E+00	3.26934E+00	6.42143E-01	4.59164E+02
3.57920E+00	3.15914E+00	3.25209E+00	6.38765E-01	4.59810E+02
3.56031E+00	3.14252E+00	3.23485E+00	6.35386E-01	4.60457E+02
3.54141E+00	3.12590E+00	3.21761E+00	6.32008E-01	4.61103E+02
3.52252E+00	3.10928E+00	3.20037E+00	6.28629E-01	4.61749E+02
3.50363E+00	3.09267E+00	3.18313E+00	6.25251E-01	4.62396E+02
3.48474E+00	3.07605E+00	3.16589E+00	6.21873E-01	4.63042E+02
3.46585E+00	3.05943E+00	3.14865E+00	6.18494E-01	4.63688E+02
3.44696E+00	3.04281E+00	3.13140E+00	6.15116E-01	4.64335E+02
3.42807E+00	3.02619E+00	3.11416E+00	6.11737E-01	4.64981E+02
3.40918E+00	3.00957E+00	3.09692E+00	6.08359E-01	4.65627E+02
3.39028E+00	2.99295E+00	3.07968E+00	6.04980E-01	4.66274E+02
3.37139E+00	2.97633E+00	3.06244E+00	6.01602E-01	4.66920E+02
3.35250E+00	2.95971E+00	3.04520E+00	5.98224E-01	4.67566E+02
3.33361E+00	2.94309E+00	3.02796E+00	5.94845E-01	4.68213E+02
3.31472E+00	2.92648E+00	3.01072E+00	5.91467E-01	4.68859E+02
3.29583E+00	2.90986E+00	2.99347E+00	5.88088E-01	4.69505E+02
3.27694E+00	2.89324E+00	2.97623E+00	5.84710E-01	4.70152E+02
3.25805E+00	2.87662E+00	2.95899E+00	5.81331E-01	4.70798E+02
3.23916E+00	2.86000E+00	2.94175E+00	5.77953E-01	4.71444E+02
3.22026E+00	2.84338E+00	2.92451E+00	5.74575E-01	4.72091E+02
3.20137E+00	2.82676E+00	2.90727E+00	5.71196E-01	4.72737E+02
3.18248E+00	2.81014E+00	2.89003E+00	5.67818E-01	4.73383E+02
3.16359E+00	2.79352E+00	2.87278E+00	5.64439E-01	4.74030E+02
3.14470E+00	2.77690E+00	2.85554E+00	5.61061E-01	4.74676E+02
3.12581E+00	2.76029E+00	2.83830E+00	5.57682E-01	4.75322E+02
3.10692E+00	2.74367E+00	2.82106E+00	5.54304E-01	4.75969E+02
3.08803E+00	2.72705E+00	2.80382E+00	5.50926E-01	4.76615E+02
3.06913E+00	2.71043E+00	2.78658E+00	5.47547E-01	4.77261E+02
3.05024E+00	2.69381E+00	2.76934E+00	5.44169E-01	4.77908E+02
3.03135E+00	2.67719E+00	2.75209E+00	5.40790E-01	4.78554E+02
3.01246E+00	2.66057E+00	2.73485E+00	5.37412E-01	4.79200E+02
2.99357E+00	2.64395E+00	2.71761E+00	5.34033E-01	4.79847E+02
2.97468E+00	2.62733E+00	2.70037E+00	5.30655E-01	4.80493E+02
2.95579E+00	2.61071E+00	2.68313E+00	5.27277E-01	4.81139E+02
2.93690E+00	2.59410E+00	2.66589E+00	5.23898E-01	4.81786E+02
2.91800E+00	2.57748E+00	2.64865E+00	5.20520E-01	4.82432E+02
2.89911E+00	2.56086E+00	2.63140E+00	5.17141E-01	4.83078E+02
2.88022E+00	2.54424E+00	2.61416E+00	5.13763E-01	4.83725E+02
2.86133E+00	2.52762E+00	2.59692E+00	5.10384E-01	4.84371E+02
2.84244E+00	2.51100E+00	2.57968E+00	5.07006E-01	4.85018E+02
2.82355E+00	2.49438E+00	2.56244E+00	5.03628E-01	4.85664E+02
2.80466E+00	2.47776E+00	2.54520E+00	5.00249E-01	4.86310E+02
2.78577E+00	2.46114E+00	2.52796E+00	4.96871E-01	4.86957E+02
2.76688E+00	2.44452E+00	2.51071E+00	4.93492E-01	4.87603E+02
2.74798E+00	2.42791E+00	2.49347E+00	4.90114E-01	4.88249E+02
2.72909E+00	2.41129E+00	2.47623E+00	4.86735E-01	4.88896E+02
2.71020E+00	2.39467E+00	2.45899E+00	4.83357E-01	4.89542E+02
2.69131E+00	2.37805E+00	2.44175E+00	4.79979E-01	4.90188E+02
2.67242E+00	2.36143E+00	2.42451E+00	4.76600E-01	4.90835E+02
2.65353E+00	2.34481E+00	2.40727E+00	4.73222E-01	4.91481E+02
2.63464E+00	2.32819E+00	2.39002E+00	4.69843E-01	4.92127E+02
2.61575E+00	2.31157E+00	2.37278E+00	4.66465E-01	4.92774E+02
2.59685E+00	2.29495E+00	2.35554E+00	4.63086E-01	4.93420E+02
2.57796E+00	2.27833E+00	2.33830E+00	4.59708E-01	4.94066E+02
2.55907E+00	2.26172E+00	2.32106E+00	4.56330E-01	4.94713E+02
2.54018E+00	2.24510E+00	2.30382E+00	4.52951E-01	4.95359E+02
2.52129E+00	2.22848E+00	2.28658E+00	4.49573E-01	4.96005E+02
2.50240E+00	2.21186E+00	2.26933E+00	4.46194E-01	4.96652E+02
2.48351E+00	2.19524E+00	2.25209E+00	4.42816E-01	4.97298E+02
2.46462E+00	2.17862E+00	2.23485E+00	4.39437E-01	4.97944E+02
2.44572E+00	2.16200E+00	2.21761E+00	4.36059E-01	4.98591E+02
2.42683E+00	2.14538E+00	2.20037E+00	4.32681E-01	4.99237E+02
2.40794E+00	2.12876E+00	2.18313E+00	4.29302E-01	4.99883E+02
2.38905E+00	2.11214E+00	2.16589E+00	4.25924E-01	5.00530E+02
2.37016E+00	2.09553E+00	2.14865E+00	4.22545E-01	5.01176E+02
2.35127E+00	2.07891E+00	2.13140E+00	4.19167E-01	5.01822E+02
2.33238E+00	2.06229E+00	2.11416E+00	4.15788E-01	5.02469E+02
2.31349E+00	2.04567E+00	2.09692E+00	4.12410E-01	5.03115E+02
2.29460E+00	2.02905E+00	2.07968E+00	4.09032E-01	5.03761E+02
2.27570E+00	2.01243E+00	2.06244E+00	4.05653E-01	5.04408E+02
2.25681E+00	1.99581E+00	2.04520E+00	4.02275E-01	5.05054E+02
2.23792E+00	1.97919E+00	2.02796E+00	3.98896E-01	5.05700E+02
2.21903E+00	1.96257E+00	2.01071E+00	3.95518E-01	5.06347E+02
2.20014E+00	1.94595E+00	1.99347E+00	3.92139E-01	5.06993E+02
2.18125E+00	1.92934E+00	1.97623E+00	3.88761E-01	5.07639E+02
2.16236E+00	1.91272E+00	1.95899E+00	3.85383E-01	5.08286E+02
2.14347E+00	1.89610E+00	1.94175E+00	3.82004E-01	5.08932E+02
2.12457E+00	1.87948E+00	1.92451E+00	3.78626E-01	5.09578E+02
2.10568E+00	1.86286E+00	1.90727E+00	3.75247E-01	5.10225E+02
2.08679E+00	1.84624E+00	1.89002E+00	3.71869E-01	5.10871E+02
2.06790E+00	1.82962E+00	1.87278E+00	3.68490E-01	5.11518E+02
2.04901E+00	1.81300E+00	1.85554E+00	3.65112E-01	5.12164E+02
2.03012E+00	1.79638E+00	1.83830E+00	3.61734E-01	5.12810E+02
2.01123E+00	1.77976E+00	1.82106E+00	3.58355E-01	5.13457E+02
1.99234E+00	1.76315E+00	1.80382E+00	3.54977E-01	5.14103E+02
1.97344E+00	1.74653E+00	1.78658E+00	3.51598E-01	5.14749E+02
1.95455E+00	1.72991E+00	1.76933E+00	3.48220E-01	5.15396E+02
1.93566E+00	1.71329E+00	1.75209E+00	3.44841E-01	5.16042E+02
1.91677E+00	1.69667E+00	1.73485E+00	3.41463E-01	5.16688E+02
1.89788E+00	1.68005E+00	1.71761E+00	3.38085E-01	5.17335E+02
1.87899E+00	1.66343E+00	1.70037E+00	3.34706E-01	5.17981E+02
1.86010E+00	1.64681E+00	1.68313E+00	3.31328E-01	5.18627E+02
1.84121E+00	1.63019E+00	1.66589E+00	3.27949E-01	5.19274E+02
1.82232E+00	1.61357E+00	1.64864E+00	3.24571E-01	5.19920E+02
1.80342E+00	1.59696E+00	1.63140E+00	3.21192E-01	5.20566E+02
1.78453E+00	1.58034E+00	1.61416E+00	3.17814E-01	5.21213E+02
1.76564E+00	1.56372E+00	1.59692E+00	3.14435E-01	5.21859E+02
1.74675E+00	1.54710E+00	1.57968E+00	3.11057E-01	5.22505E+02
1.72786E+00	1.53048E+00	1.56244E+00	3.07679E-01	5.23152E+02
1.70897E+00	1.51386E+00	1.54520E+00	3.04300E-01	5.23798E+02
1.69008E+00	1.49724E+00	1.52795E+00	3.00922E-01	5.24444E+02
1.67119E+00	1.48062E+00	1.51071E+00	2.97543E-01	5.25091E+02
1.65229E+00	1.46400E+00	1.49347E+00	2.94165E-01	5.25737E+02
1.63340E+00	1.44738E+00	1.47623E+00	2.90786E-01	5.26383E+02
1.61451E+00	1.43077E+00	1.45899E+00	2.87408E-01	5.27030E+02
1.59562E+00	1.41415E+00	1.44175E+00	2.84030E-01	5.27676E+02
1.57673E+00	1.39753E+00	1.42451E+00	2.80651E-01	5.28322E+02
1.55784E+00	1.38091E+00	1.40726E+00	2.77273E-01	5.28969E+02
1.53895E+00	1.36429E+00	1.39002E+00	2.73894E-01	5.29615E+02
1.52006E+00	1.34767E+00	1.37278E+00	2.70516E-01	5.30261E+02
1.50116E+00	1.33105E+00	1.35554E+00	2.67137E-01	5.30908E+02
1.48227E+00	1.31443E+00	1.33830E+00	2.63759E-01	5.31554E+02
1.46338E+00	1.29781E+00	1.32106E+00	2.60381E-01	5.32200E+02
1.44449E+00	1.28119E+00	1.30382E+00	2.57002E-01	5.32847E+02
1.42560E+00	1.26458E+00	1.28658E+00	2.53624E-01	5.33493E+02
1.40671E+00	1.24796E+00	1.26933E+00	2.50245E-01	5.34139E+02
1.38782E+00	1.23134E+00	1.25209E+00	2.46867E-01	5.34786E+02
1.36893E+00	1.21472E+00	1.23485E+00	2.43488E-01	5.35432E+02
1.35004E+00	1.19810E+00	1.21761E+00	2.40110E-01	5.36079E+02
1.33114E+00	1.18148E+00	1.20037E+00	2.36732E-01	5.36725E+02
1.31225E+00	1.16486E+00	1.18313E+00	2.33353E-01	5.37371E+02
1.29336E+00	1.14824E+00	1.16589E+00	2.29975E-01	5.38018E+02
1.27447E+00	1.13162E+00	1.14864E+00	2.26596E-01	5.38664E+02
1.25558E+00	1.11500E+00	1.13140E+00	2.23218E-01	5.39310E+02
1.23669E+00	1.09839E+00	1.11416E+00	2.19839E-01	5.39957E+02
1.21780E+00	1.08177E+00	1.09692E+00	2.16461E-01	5.40603E+02
1.19891E+00	1.06515E+00	1.07968E+00	2.13083E-01	5.41249E+02
1.18001E+00	1.04853E+00	1.06244E+00	2.09704E-01	5.41896E+02
1.16112E+00	1.03191E+00	1.04520E+00	2.06326E-01	5.42542E+02
1.14223E+00	1.01529E+00	1.02795E+00	2.02947E-01	5.43188E+02
1.12334E+00	9.98671E-01	1.01071E+00	1.99569E-01	5.43835E+02
1.10445E+00	9.82052E-01	9.93471E-01	1.96190E-01	5.44481E+02
1.08556E+00	9.65433E-01	9.76230E-01	1.92812E-01	5.45127E+02
1.06667E+00	9.48814E-01	9.58988E-01	1.89434E-01	5.45774E+02
1.04778E+00	9.32195E-01	9.41747E-01	1.86055E-01	5.46420E+02
1.02888E+00	9.15576E-01	9.24506E-01	1.82677E-01	5.47066E+02
1.00999E+00	8.98957E-01	9.07264E-01	1.79298E-01	5.47713E+02
9.91102E-01	8.82338E-01	8.90023E-01	1.75920E-01	5.48359E+02
9.72211E-01	8.65719E-01	8.72781E-01	1.72541E-01	5.49005E+02
9.53320E-01	8.49100E-01	8.55540E-01	1.69163E-01	5.49652E+02
9.34429E-01	8.32481E-01	8.38299E-01	1.65785E-01	5.50298E+02
9.15538E-01	8.15862E-01	8.21057E-01	1.62406E-01	0.00000E+00
8.96646E-01	7.99243E-01	8.03816E-01	1.59028E-01	0.00000E+00
8.77755E-01	7.82624E-01	7.86574E-01	1.55649E-01	0.00000E+00
8.58864E-01	7.66005E-01	7.69333E-01	1.52271E-01	0.00000E+00
8.39973E-01	7.49386E-01	7.52092E-01	1.48892E-01	0.00000E+00
8.21082E-01	7.32767E-01	7.34850E-01	1.45514E-01	0.00000E+00
8.02190E-01	7.16148E-01	7.17609E-01	1.42136E-01	0.00000E+00
7.83299E-01	6.99529E-01	7.00367E-01	1.38757E-01	0.00000E+00
7.64408E-01	6.82910E-01	6.83126E-01	1.35379E-01	0.00000E+00
7.45517E-01	6.66291E-01	6.65885E-01	1.32000E-01	0.00000E+00
7.26626E-01	6.49672E-01	6.48643E-01	1.28622E-01	0.00000E+00
7.07734E-01	6.33053E-01	6.31402E-01	1.25243E-01	0.00000E+00
6.88843E-01	6.16434E-01	6.14160E-01	1.21865E-01	0.00000E+00
6.69952E-01	5.99815E-01	5.96919E-01	1.18487E-01	0.00000E+00
6.51061E-01	5.83196E-01	5.79678E-01	1.15108E-01	0.00000E+00
6.32170E-01	5.66577E-01	5.62436E-01	1.11730E-01	0.00000E+00
6.13278E-01	5.49958E-01	5.45195E-01	1.08351E-01	0.00000E+00
5.94387E-01	5.33339E-01	5.27953E-01	1.04973E-01	0.00000E+00
5.75496E-01	5.16720E-01	5.10712E-01	1.01594E-01	0.00000E+00
5.56605E-01	5.00101E-01	4.93471E-01	9.82160E-02	0.00000E+00
5.37714E-01	4.83482E-01	4.76229E-01	9.48375E-02	0.00000E+00
5.18822E-01	4.66863E-01	4.58988E-01	9.14591E-02	0.00000E+00
4.99931E-01	4.50244E-01	4.41746E-01	8.80807E-02	0.00000E+00
4.81040E-01	4.33625E-01	4.24505E-01	8.47023E-02	0.00000E+00
4.62149E-01	4.17006E-01	4.07264E-01	8.13238E-02	0.00000E+00
4.43258E-01	4.00387E-01	3.90022E-01	7.79454E-02	0.00000E+00
4.24366E-01	3.83768E-01	3.72781E-01	7.45670E-02	0.00000E+00
4.05475E-01	3.67149E-01	3.55539E-01	7.11885E-02	0.00000E+00
3.86584E-01	3.50530E-01	3.38298E-01	6.78101E-02	0.00000E+00
3.67693E-01	3.33911E-01	3.21057E-01	6.44317E-02	0.00000E+00
3.48802E-01	3.17292E-01	3.03815E-01	6.10532E-02	0.00000E+00
3.29910E-01	3.00673E-01	2.86574E-01	5.76748E-02	0.00000E+00
3.11019E-01	2.84054E-01	2.69332E-01	5.42964E-02	0.00000E+00
2.92128E-01	2.67435E-01	2.52091E-01	5.09180E-02	0.00000E+00
2.73237E-01	2.50816E-01	2.34850E-01	4.75395E-02	0.00000E+00
2.54346E-01	2.34197E-01	2.17608E-01	4.41611E-02	0.00000E+00
2.35454E-01	2.17578E-01	2.00367E-01	4.07827E-02	0.00000E+00
2.16563E-01	2.00959E-01	1.83125E-01	3.74042E-02	0.00000E+00
1.97672E-01	1.84340E-01	1.65884E-01	3.40258E-02	0.00000E+00
1.78781E-01	1.67721E-01	1.48643E-01	3.06474E-02	0.00000E+00
1.59890E-01	1.51102E-01	1.31401E-01	2.72689E-02	0.00000E+00
1.40998E-01	1.34483E-01	1.14160E-01	2.38905E-02	0.00000E+00
1.22107E-01	1.17864E-01	9.69184E-02	2.05121E-02	0.00000E+00
1.03216E-01	1.01245E-01	7.96770E-02	1.71337E-02	0.00000E+00
8.43248E-02	8.46260E-02	6.24356E-02	1.37552E-02	0.00000E+00
6.54336E-02	6.80070E-02	4.51942E-02	1.03768E-02	0.00000E+00
4.65424E-02	5.13880E-02	2.79528E-02	6.99836E-03	0.00000E+00
2.76512E-02	3.47690E-02	1.07114E-02	3.61993E-03	0.00000E+00
8.76000E-03	1.81500E-02	0.00000E+00	2.41500E-04	0.00000E+00
0.00000E+00	1.53100E-03	0.00000E+00	0.00000E+00	0.00000E+00
0.00000E+00	0.00000E+00	0.00000E+00	0.00000E+00	0.00000E+00
0.00000E+00	0.00000E+00	0.00000E+00	0.00000E+00	0.00000E+00
0.00000E+00	0.00000E+00	0.00000E+00	0.00000E+00	0.00000E+00
0.00000E+00	0.00000E+00	0.00000E+00	0.00000E+00	0.00000E+00
0.00000E+00	0.00000E+00	0.00000E+00	0.00000E+00	0.00000E+00
0.00000E+00	0.00000E+00	0.00000E+00	0.00000E+00	0.00000E+00
0.00000E+00	0.00000E+00	0.00000E+00	0.00000E+00	0.00000E+00
0.00000E+00	0.00000E+00	0.00000E+00	0.00000E+00	0.00000E+00
0.00000E+00	0.00000E+00	0.00000E+00	0.00000E+00	0.00000E+00
0.00000E+00	0.00000E+00	0.00000E+00	0.00000E+00	0.00000E+00
0.00000E+00	0.00000E+00	0.00000E+00	0.00000E+00	0.00000E+00
0.00000E+00	0.00000E+00	0.00000E+00	0.00000E+00	0.00000E+00
0.00000E+00	0.00000E+00	0.00000E+00	0.00000E+00	0.00000E+00
0.00000E+00	0.00000E+00	0.00000E+00	0.00000E+00	0.00000E+00
0.00000E+00	0.00000E+00	0.00000E+00	0.00000E+00	0.00000E+00
0.00000E+00	0.00000E+00	0.00000E+00	0.00000E+00	0.00000E+00
0.00000E+00	0.00000E+00	0.00000E+00	0.00000E+00	0.00000E+00
0.00000E+00	0.00000E+00	0.00000E+00	0.00000E+00	0.00000E+00
0.00000E+00	0.00000E+00	0.00000E+00	0.00000E+00	0.00000E+00
0.00000E+00	0.00000E+00	0.00000E+00	0.00000E+00	0.00000E+00
0.00000E+00	0.00000E+00	0.00000E+00	0.00000E+00	0.00000E+00
0.00000E+00	0.00000E+00	0.00000E+00	0.00000E+00	0.00000E+00
0.00000E+00	0.00000E+00	0.00000E+00	0.00000E+00	0.00000E+00
0.00000E+00	0.00000E+00	0.00000E+00	0.00000E+00	0.00000E+00
0.00000E+00	0.00000E+00	0.00000E+00	0.00000E+00	0.00000E+00
0.00000E+00	0.00000E+00	0.00000E+00	0.00000E+00	0.00000E+00
0.00000E+00	0.00000E+00	0.00000E+00	0.00000E+00	0.00000E+00
0.00000E+00	0.00000E+00	0.00000E+00	0.00000E+00	0.00000E+00
0.00000E+00	0.00000E+00	0.00000E+00	0.00000E+00	0.00000E+00
0.00000E+00	0.00000E+00	0.00000E+00	0.00000E+00	0.00000E+00
0.00000E+00	0.00000E+00	0.00000E+00	0.00000E+00	0.00000E+00
0.00000E+00	0.00000E+00	0.00000E+00	0.00000E+00	0.00000E+00
0.00000E+00	0.00000E+00	0.00000E+00	0.00000E+00	0.00000E+00
0.00000E+00	0.00000E+00	0.00000E+00	0.00000E+00	0.00000E+00
0.00000E+00	0.00000E+00	0.00000E+00	0.00000E+00	0.00000E+00
0.00000E+00	0.00000E+00	0.00000E+00	0.00000E+00	0.00000E+00
0.00000E+00	0.00000E+00	0.00000E+00	0.00000E+00	0.00000E+00
0.00000E+00	0.00000E+00	0.00000E+00	0.00000E+00	0.00000E+00
0.00000E+00	0.00000E+00	0.00000E+00	0.00000E+00	0.00000E+00
0.00000E+00	0.00000E+00	0.00000E+00	0.00000E+00	0.00000E+00
0.00000E+00	0.00000E+00	0.00000E+00	0.00000E+00	0.00000E+00
0.00000E+00	0.00000E+00	0.00000E+00	0.00000E+00	0.00000E+00
0.00000E+00	0.00000E+00	0.00000E+00	0.00000E+00	0.00000E+00
0.00000E+00	0.00000E+00	0.00000E+00	0.00000E+00	0.00000E+00
0.00000E+00	0.00000E+00	0.00000E+00	0.00000E+00	0.00000E+00
0.00000E+00	0.00000E+00	0.00000E+00	0.00000E+00	0.00000E+00
0.00000E+00	0.00000E+00	0.00000E+00	0.00000E+00	0.00000E+00
0.00000E+00	0.00000E+00	0.00000E+00	0.00000E+00	0.00000E+00
0.00000E+00	0.00000E+00	0.00000E+00	0.00000E+00	0.00000E+00
0.00000E+00	0.00000E+00	0.00000E+00	0.00000E+00	0.00000E+00
0.00000E+00	0.00000E+00	0.00000E+00	0.00000E+00	0.00000E+00
0.00000E+00	0.00000E+00	0.00000E+00	0.00000E+00	0.00000E+00
0.00000E+00	0.00000E+00	0.00000E+00	0.00000E+00	0.00000E+00
0.00000E+00	0.00000E+00	0.00000E+00	0.00000E+00	0.00000E+00
0.00000E+00	0.00000E+00	0.00000E+00	0.00000E+00	0.00000E+00
0.00000E+00	0.00000E+00	0.00000E+00	0.00000E+00	0.00000E+00
0.00000E+00	0.00000E+00	0.00000E+00	0.00000E+00	0.00000E+00
0.00000E+00	0.00000E+00	0.00000E+00	0.00000E+00	0.00000E+00
0.00000E+00	0.00000E+00	0.00000E+00	0.00000E+00	0.00000E+00
0.00000E+00	0.00000E+00	0.00000E+00	0.00000E+00	0.00000E+00
0.00000E+00	0.00000E+00	0.00000E+00	0.00000E+00	0.00000E+00
0.00000E+00	0.00000E+00	0.00000E+00	0.00000E+00	0.00000E+00
0.00000E+00	0.00000E+00	0.00000E+00	0.00000E+00	0.00000E+00
0.00000E+00	0.00000E+00	0.00000E+00	0.00000E+00	0.00000E+00
0.00000E+00	0.00000E+00	0.00000E+00	0.00000E+00	0.00000E+00
0.00000E+00	0.00000E+00	0.00000E+00	0.00000E+00	0.00000E+00
0.00000E+00	0.00000E+00	0.00000E+00	0.00000E+00	0.00000E+00
0.00000E+00	0.00000E+00	0.00000E+00	0.00000E+00	0.00000E+00
0.00000E+00	0.00000E+00	0.00000E+00	0.00000E+00	0.00000E+00
0.00000E+00	0.00000E+00	0.00000E+00	0.00000E+00	0.00000E+00
0.00000E+00	0.00000E+00	0.00000E+00	0.00000E+00	0.00000E+00
0.00000E+00	0.00000E+00	0.00000E+00	0.00000E+00	0.00000E+00
